0.961324014648557 0.93652304053992
1.42310677872018 1.27327373207022
0.689718206268803 1.22275940445688
1.67386918549617 1.40829852482351
1.50985774689155 1.23232654148329
1.69901834938312 1.36900425988461
0.89323655418429 1.67051043902732
1.2315417249924 0.892665493165695
1.45381705938082 1.21767004003271
0.6835508392872 1.07152984439142
1.3644330873847 1.23813861512941
1.39436447489111 1.30703961221083
1.1407351587187 1.60737827060197
0.973117274269675 1.48950235365243
1.53368979353057 1.17796049383333
1.55245683303232 1.39074522806226
1.55825440344097 1.36938980357694
1.35349655794508 1.55146883085943
1.30613104478812 1.14570195250016
1.11053810134659 1.51282770565616
1.36530318180839 1.42300747143916
1.25664222809448 1.17863786711922
1.02413011626527 1.48713226606129
1.58110634049621 1.71362332566049
1.44022297158391 1.29863402142059
1.26874870600326 0.952797816400695
1.07728276903253 1.06478577107471
1.63891838317851 1.20068424685864
1.40543855830113 1.35523980401213
1.33051807128316 1.16879961497272
1.20918413939971 1.1663941132315
1.40739037246713 1.24379858861181
1.300371369801 1.00905606606581
1.3440140464912 1.2680069111912
1.03868486972661 0.803427785834637
1.1144004519142 1.08730841657981
1.25273555325655 1.17542134043738
1.5866414439344 1.26993895098319
1.577055291527 1.35051398738439
1.37180759365883 1.13373125235368
0.943644605595516 0.779344334374346
1.41636309955343 1.26664957501216
1.64586530234628 1.21784508131717
0.943517785492115 1.6177196801605
1.40067333682001 0.844413737489639
1.44739178707761 1.38784829741749
0.990443206763875 1.11801405469346
1.64317712365249 0.683635987709393
1.2700653581104 0.518160306215284
1.44246891470272 1.23699141982314
1.52239733847527 1.31779156373209
1.63465143550837 1.41035002324559
0.965370846208356 0.933981895998208
0.896294111087777 1.34198553566548
0.962519460756528 1.66498755777536
1.59770932442764 1.45486512194474
1.69259341113052 0.738655440241339
1.0656311980918 1.2675571729053
1.20098982654889 1.19792842711296
1.38021783294904 1.18806272709686
1.45922410045373 1.25416425437168
1.40838624703435 1.22075202175295
1.423871675059 1.27807669710006
1.11299569524578 1.19781715733588
1.33885271009581 1.0881945685495
0.941452947509788 1.62440717177631
1.06648034489905 1.36364952655045
1.53601446574481 1.25476572791949
0.768659050460529 1.52016676911287
1.10346303757981 1.28907961108727
1.55814323599174 1.30489675748585
0.923695853219587 0.896635259290025
1.2094012649238 0.952143930886458
1.32572218774729 1.3867629746302
1.61329707296217 1.00879758043393
1.17183929911862 1.4454015611844
1.56558195807779 1.1972141152901
1.4350054857994 1.28106982676347
1.2078136051039 0.958561181318799
1.49065728746251 1.4835979577337
1.02749913219724 0.68954806058372
1.19869998418636 1.07095340519901
1.07336449131723 1.25848624722716
1.43984837218431 1.24363051596379
0.989372981983845 1.56308523022021
1.28108228255218 1.04203067045969
1.22307872345898 1.2033916689375
1.41909229716475 1.26408835622945
1.51864176816005 1.10783143804635
1.68949494353643 1.4749758732209
1.41709099214021 1.27157284736372
1.08090200972199 1.29320276279295
1.65281600524622 1.25430796216552
1.59035067510306 0.964655912150134
1.38949010950176 1.29923676892555
1.42205492234078 1.25242506276902
1.70389513566362 1.02643741644674
1.39080981472236 1.30874459338771
1.46809379005913 1.18090563615824
0.785109466516012 0.849223441978503
1.60532072743197 0.861324288709905
0.771182915899236 1.50528534873012
1.70468224899373 1.40064407091475
0.757110515809939 1.10914541839862
1.37170673270406 1.14188043396223
1.67399950446487 1.55253853562902
1.50559194841904 1.12918680804478
0.79352129570389 1.42412494781113
1.62226477313419 1.44908116652203
1.60957051481982 1.13703475684039
1.538668609989 1.10209952329865
1.38398255189436 1.29712673848343
1.42242916632403 1.26048577393901
1.27491943922648 0.973848765301983
1.10552019413216 1.64177782318329
1.6452980297404 1.06924279921614
0.73086361209157 1.14843418123311
1.06923912368573 1.01081694384408
0.95239689074021 1.34692282556544
1.50753937082611 0.723452882921688
1.23457418682756 1.26065295425487
1.45241184865164 0.711878219492549
1.40273965495185 1.30227936349633
1.42313652598957 1.26789692525359
1.30325113473976 1.63172300895292
1.41829788510358 1.26443904348747
1.38591914372464 1.39584224401798
1.24999352660678 1.16789231371409
1.33367179424157 0.780013267149464
1.41172566838429 1.28007005173085
1.42607363492161 1.25386576966404
1.48653785464674 1.22906735955503
1.38737453955549 1.34309501228059
0.97512667572228 1.49395450783354
1.39641107386193 1.23247560484793
1.7080979335863 1.01129341295452
1.61218010090447 1.02113683928717
1.39187755514127 0.703090240344626
1.40815545224402 1.0876049160154
0.917067507410088 1.59504199248638
1.41852868767664 1.25652418821047
0.938056924039518 1.25879890290815
1.46979289682345 0.888348062981507
0.705553585819731 1.1823031992099
1.249862254639 1.05400920654401
1.53116905735258 1.43852783120992
1.396708015421 1.42096999984044
0.834310784505411 1.70132506092335
1.29667061958545 1.19336214056331
1.6982835785617 1.41951554464654
1.40313772628416 1.16379991330379
1.56085202385073 0.584150960905728
1.37400911390463 1.53297332567595
1.37414194218069 0.794486771925514
1.33149976537772 1.19338855591299
1.07147889655811 1.49270110677255
1.12046775600125 1.70164369995986
1.37848747580916 1.32998424757395
1.16774630471613 1.34632390339774
1.01246699623807 1.37002495370715
1.59910012563349 0.956683437990261
1.59174444507114 1.68812912224753
1.47929446606557 1.23964991247846
1.30492013915342 0.805596923839655
1.28628076203949 1.08052670525642
1.1030980713496 0.990146639413663
1.37101397318571 1.20007144626894
1.40965355332001 1.27021716184623
1.593970068709 1.68012215886262
1.66044390421568 0.999234781994705
1.68480150043706 0.666850230722074
1.48219979952854 0.851732134386347
1.44987110895939 1.28218169435325
1.57312863614866 0.759845101991972
0.725333437386387 1.47735597228312
1.53219433159716 1.17025331896423
1.43824903053931 1.15539247393407
1.51736860127798 1.27369134304772
1.57236360214016 0.752136752016753
1.49737517124027 1.65210187730288
1.49250194949505 1.31052370945309
1.59347110638711 1.29789227483383
1.24167916878526 0.975572030045547
1.28619156596328 1.01664267512028
1.26335811731179 1.05773064023168
1.53832699035463 0.991337967705966
1.42721915627432 1.25070925417653
1.14762533463829 1.4475932378984
1.44674836069783 0.876615915202321
1.45964959611583 1.26678362492875
1.44635567704304 1.13824359660144
1.41483622188892 1.50385740873784
1.47405310241144 0.759210855364708
1.27140822275706 1.12188738093232
1.42656404408022 1.26830056706838
1.41876008579056 1.25854114989099
1.10015555651181 1.22392902101586
0.936557171647582 1.27333809709778
1.50934965135294 1.15049565187722
1.25346320805372 1.49854645865038
1.3141666908413 0.895254390855892
1.34649470365528 1.29438301746205
1.61582972407878 1.44071226164064
1.30876782924629 1.21729664454249
1.47294740767755 0.688652326368845
1.51374915608534 1.07848210621233
1.53233832307748 1.26780208631829
1.69502706512413 1.14188248151023
1.63303110003183 1.10734762694125
1.4563800130836 0.977064579466629
0.324895778503952 0.084870727889676
0.455588112429251 0.0352665712701936
0.370511026671375 0.056428183749844
0.356974050125295 0.224421800218668
0.315377502249066 0.069764686783645
0.337548854381703 0.064645144868184
0.316982067978183 0.114760748152061
0.562803596145306 0.14908649446504
0.462270873626904 0.19980629248058
0.355070262790206 0.126500871812924
0.241161449364179 0.107296587326449
0.153889882948658 0.0547234204873439
0.338522440492487 0.0862859674544227
0.378757531568016 0.135427105503617
0.338929794038126 0.0839181972689907
0.292616918651309 0.10346514981281
0.395924336409319 0.261224096294422
0.229739283115731 0.0497424702440695
0.262668052574995 0.0306485226806514
0.0553421821137121 0.109608600295995
0.591698772319542 0.148382538953783
0.331174869370569 0.0678087888270965
0.148145783325459 0.040229137704653
0.532172641979765 0.0240464913683796
0.16488145628877 0.0417187082515016
0.623579727108921 0.0440778982409333
0.125902902220848 0.0270135201515341
0.270007084276342 0.0389805316658767
0.289017683425457 0.0266314368984676
0.384317159040142 0.101470042682227
0.156139018987951 0.0242542693079017
0.194252819945878 0.0220397913929271
0.407956109300671 0.250646888497425
0.384858622345978 0.236888483460239
0.568969376894465 0.278347598055788
0.18316882192728 0.303546899247916
0.350283252346019 0.0795020586393328
0.57607327675584 0.145081273342486
0.494715311459226 0.157876981568201
0.242212907595699 0.106641080022754
0.490183351115375 0.258735139779341
0.633372155854031 0.0129883913200055
0.424156651014064 0.143460717759174
0.377172010657233 0.0843800563163742
0.330752024627114 0.064166281099773
0.54816941359419 0.223302019725373
0.0514089660309189 0.140133621314012
0.435276805816084 0.210325880612129
0.325805957279549 0.0688104695919966
0.15350186833585 0.0535633554025945
0.198347989563666 0.0827579349850086
0.334859056131211 0.0697112349343094
0.463255418831292 0.110583378658671
0.529979424485552 0.204510339159168
0.406923627001558 0.349835243294145
0.322326256332318 0.0709467555370023
0.147812904470917 0.098134597449481
0.242738658724052 0.301256935695336
0.342047557413942 0.0782057525258598
0.423721470555812 0.184887100926325
0.314105757024301 0.317526874377597
0.113038621962834 0.12908996871579
0.206148214563693 0.359009357773019
0.502722829158911 0.183322859267111
0.248890088066168 3.34039082366261E-05
0.616122528007426 0.105802535229677
0.384543175263181 0.211044639128288
0.57345780077166 0.219216618597589
0.562466031944667 0.270732852219307
0.340724930987834 0.0858762173962689
0.31965760730748 0.300410268882653
0.221686652075425 0.0440869015709178
0.274002900967417 0.0189184938915715
0.317430984382678 0.270453615241435
0.40309195519148 0.181678768839007
0.450350836223614 0.362933987453304
0.445219896711826 0.28029135553308
0.46086824163719 0.205857379710909
0.290294761204197 0.0753544442733967
0.364010848556965 0.0573738546089062
0.314896908790132 0.188058794606572
0.129067820041486 0.206839827790694
0.389916761087773 0.142637830102483
0.347143299355662 0.105645376106664
0.345246396382572 0.0971576150335176
0.351576039390315 0.082458288896424
1.39968131839193 1.50198395443569
1.65729010218298 1.18874286444158
1.63126382509373 1.37820619937559
1.69303449807055 1.06364768201937
1.65785182152772 1.26107209760896
1.5841054045543 1.15649632921765
1.34892290365872 1.27445888425604
1.6815562444187 1.24480295747954
1.66561131687646 1.25546261518819
1.52677079953258 1.27088853619441
1.62182444767727 0.985533270657503
1.64099928104038 1.29002207886729
1.64698728451295 1.25398303274072
1.69968489760444 1.27261643074878
1.66238117882583 1.25591443805482
1.40243405297186 1.31897132075087
1.55916943218354 1.27771061236847
1.69036610406969 1.19193946684185
1.60008250445851 1.32527164150371
1.69406533737971 0.983010031707017
1.71222772978224 1.2681025076891
1.67696292521959 1.26129903479501
1.57766912537161 1.30301016398182
1.50718822661744 1.16270911395962
1.49455276618844 1.49192464466703
1.34976242585346 1.30501228230464
1.41374281684892 1.15089879670004
1.66010588134902 1.33274625228531
1.67310307504683 1.28896064465981
1.60706540581888 1.37354073955029
1.56343135060703 0.974470402786563
1.63675910504575 1.35679903814646
1.45091786601119 1.11675902301909
1.47459638849343 1.30947804661189
1.42618740000729 1.07374125760931
1.42873812468586 0.998225148764929
1.60990070480421 1.3091754290216
1.47485363862175 1.37186908584358
1.67476740404534 1.45983618798729
1.60658775388571 1.39571273956397
1.60036783332601 1.27657996730069
1.65131434672037 1.39267640055769
1.69667927034287 1.29832170746794
1.64537977880638 1.03109935221373
1.68826343617406 1.24109900189174
1.47244643516169 1.40335358531654
1.69388629412544 1.28206867542763
1.33282797818081 1.28896491311495
1.47014672585633 0.947526126967737
1.69118290819776 1.21685446504261
1.69966820565239 1.10090067197619
1.67570848357615 1.17867940077458
1.51589757833956 1.55886870199385
1.64345584710779 0.965365689584493
1.60060813207366 1.28676846111842
1.57640098729074 1.07293286223352
1.40997330812047 1.36488781457989
1.7091597528538 1.39303471008615
1.61808430946733 1.13327342321446
1.65009132207728 1.29909149761128
1.58888985971457 1.27895464960824
1.68383206057172 1.19272932024292
1.59098782662232 1.47381917376885
1.50883692677584 1.57025377470145
1.60351195832154 1.18449866365786
1.69270956157132 1.46490190675669
1.70981295127895 1.22255285742747
1.43291603059923 1.32895765856136
1.70567621645196 1.09548874693363
1.53316779837875 1.31698444380919
1.69700602702413 1.19041067911049
1.50570942858748 1.3420457669219
1.69564101186697 1.24578861781151
1.67407432738151 1.25144739201397
1.6636425808724 1.20061075901029
1.68058295889804 1.25273133342878
1.57769407764037 1.62117189599734
1.38056142207125 1.27222427308513
1.5855325606938 1.45108281690703
1.68245082623013 1.22211237297977
1.40865148528138 1.45095010146478
1.65042280484254 1.30422783506217
1.45687389773465 1.25803240391127
1.6025723353178 1.37664444041698
1.62937078547506 1.30571526555764
1.57907196094529 1.31645332437475
1.45620608923353 1.40016046529335
1.70292228623343 1.28383282280398
1.67025979630713 1.26377989269297
1.6750133299694 1.29705356140883
1.61101314039025 0.921282040475119
1.68383563771113 1.25094675642263
1.59541213423804 1.05413809175198
1.69784356691803 1.25358383135381
1.67497267571824 1.53041978700798
1.64633744190093 1.22053764470205
1.62916155187674 1.29228302467558
1.66820975641217 1.16189250791005
1.6320265902639 1.50103541401706
1.50063078831267 1.30832483276839
1.637746047084 1.34184958910718
1.66797809650275 1.21212765872773
1.64625334325803 1.11011692471442
1.54568291548196 1.26171278747963
0.46791688453336 0.905856854148043
0.261066507033538 1.42477569402155
0.479717826524183 1.60535324497281
1.3737290913323 0.596770758080605
0.749531732852554 0.683894258365218
0.764640445267211 0.476618061910862
1.05005266774226 1.24104017769059
1.40513476930562 1.69930418883232
0.311375381011662 0.406013972256968
1.08637951148485 0.373768634425576
0.986542385457563 0.717433862553713
1.66545375465957 0.777058972342916
1.47345915230618 1.51879484709154
1.38051550675067 0.754379205157474
0.586420214494033 1.4494829983238
1.46670327537134 0.380967331342351
1.08356346922316 0.103948047554541
1.50122200482392 0.359098401355944
0.186172762805572 0.144035710410972
0.348295404430554 0.585753133858323
1.44827841053074 0.187116622689205
0.0723799512320153 1.57692839385206
1.35632688501607 0.766035721014396
0.884869577028243 0.613184449183529
1.18777888293272 1.24727015761439
0.382034014730647 1.0647026109879
1.35894640711651 0.480247117675471
1.3158361686047 1.46429930711301
0.954219384621835 1.19782381982398
1.66513282684873 0.674739264566008
0.224837738222141 0.61934988617483
0.010350543586572 1.01386501966212
0.931007268127242 0.383673113924861
1.10687087782106 0.946104620187722
1.45363445800004 1.04603636794968
1.51313142602675 0.16733967060069
0.0577185678264138 0.500626377626527
0.639306509028193 0.799425762768358
0.645053911321697 0.0885253608075125
1.13454837246021 0.707423431291785
0.633925270063294 0.767331057567139
1.28041660735811 1.05296634201301
1.06744898359315 0.402000664383439
0.735837209359204 0.603316351547694
0.501928164083202 0.036922697710908
1.11869530186747 0.70216522811495
0.192719168695601 1.38737242499791
0.360915395636182 0.828928524355915
0.176766079102633 0.772331216703262
0.645921125724815 0.972653771091208
1.3729811283267 1.65258124197388
0.873366276316853 0.141742514983048
1.447955016721 0.214694344129957
1.00698404316148 0.858320029489981
1.55475689378064 0.516410405836343
0.819245395791312 0.865694023814323
0.0632754473637752 0.957709395556948
0.0408139945027136 1.17132296578836
1.05274956395008 0.671200486706927
1.66023232120232 0.529006603743802
1.36165218969902 0.503554526273365
0.44417645610452 1.41671176028913
1.64115735121557 0.810966197911796
1.68843678703845 0.384162427961868
0.139710981990345 1.52419426980564
0.622659683665725 1.5865389797518
1.15642052021606 0.161894601369
1.04825858809845 0.695160313222773
1.60778106638365 1.13867409237506
1.31882761042536 0.852754639463197
1.10883290635532 1.59133346500258
0.762375742900417 1.69933404338022
0.931493587052958 0.253001278053148
0.638889780751175 0.948826058272015
1.34655843049519 0.90340871498118
1.4899952455392 1.21938187752907
0.825915180634301 0.116914521981013
1.32481786652555 0.869426602053333
1.20840478586936 1.17047080116108
0.214401448900843 0.636988818809208
0.240073842224869 0.622821615199617
0.718609047499636 0.0305626239749998
1.60756700730398 0.946522701172877
1.42308978873163 1.61519713112814
1.62326709259186 1.0594699664133
1.27735818453808 1.62789175670838
1.06618916141493 0.807477681739126
1.13398998252185 1.4841350098298
1.45499506850631 0.45865869785766
0.485218173236172 1.38815607316242
0.172076417160621 0.739610728766435
0.751420282600035 0.950118552142527
0.0341990242664428 1.11709409127002
0.760623799117496 1.03950599823505
0.55089301997681 0.178831986045115
1.20057181248677 0.437310265222564
0.92427264347422 0.681838791616156
0.612680797238328 0.4860112911557
0.872724417502949 0.731813118925417
0.0917670360762411 1.69878717101344
