0.357362864802331 1.50655283528179
0.919797640007589 1.77155400512137
0.650687508734075 1.81541725274376
0.581405551361285 1.69951183162112
0.342524680606979 1.75802585923163
0.5603592449208 1.77116834240849
0.435152905631935 1.69357600427895
0.421096818440776 1.7443167977177
0.344797658908879 1.86312400243977
0.55784017401294 1.77758713292482
0.54995287367173 1.76123054804464
0.321421175427301 1.49621356182214
0.289736034409316 1.93655423266819
0.753510411076851 1.76383602948623
0.226918485583157 1.74165719667941
0.820284697529251 1.57436504328246
0.240120749962875 1.71840581982831
0.275260721856932 1.55189905394339
0.620136665112099 1.85101681528835
0.440703395660674 1.70969519086869
0.563778736506003 1.67873399761943
0.715378018957554 1.60798283503137
0.221259160518438 1.58034031550364
0.650988613573511 1.59432340668033
0.568398132819989 1.39043213729911
0.337342092384825 1.95317167763393
0.773496305903548 1.82757327298223
0.586410606896191 2.02250317299363
0.584617108513815 1.81433115003216
0.438072026286977 1.80427561213213
0.560276123669704 1.90646035484327
0.413523463693336 1.52063197127968
0.445651613775034 1.64895335162715
0.231409831408838 1.82097821775587
0.561349547975177 1.4969754293026
0.587577375722348 1.84546294102135
0.96340124904623 1.74927104210293
0.548303223896612 1.93396570548902
0.580215488896212 1.80317296229998
0.502254726905181 1.95740973137447
0.758842072116665 1.69376391109667
0.505480279496383 1.53082374151198
0.487906680639626 1.81155519417529
0.550439128197789 1.36044811775742
0.170284487341854 1.6427740015586
0.55667266495287 1.76005545571029
0.584713875659223 1.66210541003407
0.718178420300062 1.85018906634476
0.493933871380441 1.74596796269859
0.623052888687867 1.73266818310253
0.55137461227224 1.7726146213258
0.555057699685159 1.73287886483907
0.54741847733232 1.68970616872424
0.552572698368074 1.74467728535326
0.511543654825835 2.11355074968249
0.530122705126992 1.78028688570638
0.74127696201123 1.40596461407479
0.359361017792102 1.99876433940718
0.537985023831831 1.75126216241141
0.523942204036913 1.94432896445776
0.45031375246371 1.60320948656304
0.553061442269768 2.08439050395058
0.62737505010492 1.75423598052204
0.310453039169224 1.93495646017452
0.841685872749078 1.57147336887228
0.778475021438892 1.42348753312125
0.581629136829626 1.81542538071059
0.939869703287534 1.79232140185402
0.618412317949709 1.51984146751296
0.622134124369671 1.7040037476463
0.278543486285379 1.77774156754594
0.503815925531757 1.48109579069345
0.311129483127413 1.70393425985235
0.655763270500777 2.08787939796642
0.675802237161647 1.69097343788136
0.638342383522947 1.5855747162109
0.71302571440397 1.64094186160881
0.158065333930377 1.71975663664651
0.605791639028273 1.37202768773766
0.718167648117223 1.93873813651781
0.66262607329774 1.37749183238091
0.654258235051588 1.92573146833891
0.749927979964603 1.7682802613128
0.79260965338005 1.59579604316186
0.742091314008939 1.74198627794204
0.949046688161283 1.64000448177178
0.56788567918997 1.79535075935338
0.928927041143003 1.60575502394539
0.580551342630732 1.54790690955917
0.588795035517734 1.90778525977769
0.804437956170857 1.71417537618255
0.657397954432562 1.55919045368703
0.705307170613914 1.78895658135936
0.788914875320392 1.94413760149125
0.550330840094586 1.76344168908571
0.756245822020012 2.04554357194824
0.431455254698965 1.77672171607615
0.368187691415505 1.86186212709938
0.444748275034238 1.75763843088223
0.552650964165138 1.73718496895128
0.528780482650574 1.56605407940008
0.647327796638837 1.60204253095561
0.296815142709819 1.98557873269572
0.488029085823887 2.10426601054066
0.347028596585032 1.69909014750048
0.580537504581711 1.86246952468433
0.565529028661103 1.4434104305386
0.496772102251316 1.72810265394766
0.688646294196592 1.9832135471606
0.327670797862227 1.90091221572706
0.508385566872531 1.83679219424711
0.872327487223898 2.00639338603355
0.545269602898884 1.82309902621654
0.191887009867842 1.77197471054625
0.444137296491972 1.64166905266851
0.366665895036371 1.82180640234078
0.585600105376887 1.72113097162251
0.414750655344753 1.6455167808691
0.588193831265169 1.62439822539608
0.598932822059138 1.84280287370766
0.664198608840207 1.81947016878944
0.57479420237917 1.78893439857045
0.709912444736174 1.41902694928133
0.827180868818863 1.88390663693222
0.539558300472855 1.67138579473645
0.336439285977245 2.07697144597033
0.579039375210375 1.74831703354421
0.529217157036547 1.5566271212449
0.269302027815004 1.98955252145152
0.614766097750911 1.86277589383798
0.488566076989049 1.91681252288652
0.579651679501524 1.82169033664812
0.820900160147284 1.92395326718271
0.351528908804637 1.91843290641859
0.583700597485489 1.81908370979088
0.28610166191278 1.9587209442983
0.477835178006165 1.80987589573838
0.531471195748075 1.75611415824784
0.577874104827913 1.77766372243144
0.663674411981275 1.88332164927694
0.860502173452494 1.90751472771449
0.63502667948621 1.9127441163435
0.763526810834853 1.86456316304303
0.334912044410859 1.55420621708709
0.52889376364098 1.79115662994704
0.900545360823479 1.92133308255785
0.687963301282377 2.1257036503393
0.758880439292963 1.57371788219471
0.563845999760767 1.77281114262044
0.593828525082067 1.7646304907148
0.377521129988942 1.74521060474947
0.319897355251379 1.73512860268272
0.682131975098882 1.58015017528241
0.295517177256483 1.79052940873083
0.291541101068125 1.7769761033032
0.418979850473442 1.80475565596631
0.556737087338154 1.44184464452172
0.63871021875375 1.97275077788092
0.620848814656946 2.09733813723602
0.767147139924485 1.85765914851635
0.766740730498121 1.9405596124276
0.568961012613208 1.80571867442783
0.752041133619152 1.85221816539611
0.394280783328476 1.63581984720335
0.351863793515111 2.07819446730171
0.580775710945873 1.76949415028435
0.5782669965979 1.77968132316605
0.708930509506844 1.56051872727648
0.52261783442821 2.0099454010946
0.353825486506035 1.70671621323949
0.942787409802724 1.90468255776975
0.542708757253867 2.083544812706
0.355234455662756 1.5571799694103
0.655994980880138 1.90554426200605
0.534211177016939 1.62757139575535
0.447795368746993 1.80280559856338
0.727956661679765 1.7126478656669
0.916996741405131 1.70980815203451
0.577211402360631 1.95001020924484
0.422408767966333 1.75047419044959
0.931984752602951 1.61837450669569
0.48838662880434 2.00735230377636
0.466904903978444 1.62781742555694
0.511115641927406 2.05565921644364
0.782288470830766 1.69329591739524
0.56074296350421 2.03324836192331
0.552119966726928 1.99431781184908
0.506769768391381 1.77417811344241
0.417294346067417 1.89188305391385
0.282185400055928 0.806355619836374
0.459358969055427 0.871881842753211
0.0102681629638774 0.941748323133727
0.993158222161753 1.05684717409184
1.28489642238836 1.10539115890033
0.0315930305182173 1.1876037316439
0.726517636607725 0.800462256139613
0.504425051242294 0.69828020227466
0.339822484546443 0.229091064760078
0.709625917936144 0.838628397100957
0.214447580970318 0.875877999930866
0.441644628230215 0.769557041076876
1.11310628773892 1.14127732478963
0.897530751672609 0.7896700675422
1.21819780956237 0.473352956060042
0.707554780069072 0.711342220536236
1.169521378803 0.671795793756486
0.676985484850715 0.959292589100828
1.00640199074682 1.38914795075064
0.371530806573611 1.22412057724927
0.707253230707529 1.04390987603418
0.530437993356161 0.716561620498575
0.891161931739819 0.64277877466327
0.44113050401514 0.894653428535468
1.19938547836657 0.333001412129809
0.580213957262106 0.19714235325299
0.966891237955569 0.406051056714592
0.323487976748703 0.203239236407055
0.50955788280486 0.54696668916449
0.0605118897588941 0.778174408549076
1.0454734158694 0.169572138610639
0.665178162935211 1.43823135190038
0.827103041541856 0.5564268137986
0.437825330647698 0.728732636195003
1.12368741774305 0.360752524438523
0.754278513500286 0.380888154250583
1.13118871847411 0.63050736842415
0.57311752220906 1.55242950669019
0.142144938190129 0.874023839828434
0.0555409720564305 1.11204741305176
0.0125456827003774 0.997874556017739
0.557725382040622 0.802603627140722
1.00356134897116 0.662824787291762
0.185084098437696 0.96685801275679
0.510394962112759 1.24090930577063
0.856913969449116 0.589088360219636
0.0848387051365901 0.768708147752092
0.0188499830065271 0.563265741259678
0.598952511662261 0.654358919313102
0.508724727366947 0.732501004223656
0.59322287408069 0.898932973501479
0.518422531716678 0.807629614462058
0.770796206451413 0.832030265383714
0.483865863747541 0.58587585084177
0.153879752639456 1.14864024153372
0.565118436399717 0.876300989182611
0.868899319854048 0.209913558849425
0.611626909282506 0.829727936105612
0.479015403089397 0.648432713243391
0.789204820079622 0.519244167524302
1.3581109385745 0.571197512138979
0.747258459985409 0.569676521653438
0.8273054145884 0.480195567891689
0.893658200611127 0.715398544812159
0.85664088950379 1.10130736973606
0.710010615453254 0.981181657843097
0.835196223202566 0.78804843377196
0.380142799875787 0.688176629610282
0.458313604711908 0.813149695261
1.14558350569202 0.779849677634312
0.678744082765886 0.599095000733325
0.817946135270135 1.13162997896128
0.15028376529446 1.20859271498606
0.283002314375408 0.940396799695686
1.08735661153254 0.937413649119239
0.581333070242298 0.838755853716747
0.73435268929178 0.853353308729368
0.549118400449512 0.764998748837657
0.641670287171228 1.25558849285189
0.515690550726451 0.956986001742082
1.19582854905513 0.971075087779618
0.830651264199208 1.05561896469385
0.866199047886074 1.46586924712442
0.522720164958431 0.346331902250805
0.665978431906266 0.842399447238728
0.664283379479048 0.487776772554236
0.656629374599723 0.689450562198073
0.703374273332488 0.602207180531367
1.16822102011804 0.722694464955046
0.153891070825216 0.720172931234653
1.10759325032251 1.25445882214243
0.58756610078246 0.971587737005526
0.811721780032238 0.572380281695318
0.852093141640175 0.602417502003551
0.139591520287737 0.979801949008706
0.729303555902407 0.973382907956295
0.940328718555076 0.810439450672639
0.529232354169097 0.702245322985472
0.230221079860772 0.56371287564739
0.367924747064399 0.278097789448683
0.528241823813454 0.722926786863866
0.355561454356127 0.53860729098068
0.563442305509626 0.732949222458083
0.629644451712298 0.788683939380063
0.564639305635246 0.68744565946525
0.516107530320312 1.00631269596526
0.55161915775872 0.766641712112022
0.602347557940577 0.539080930440492
0.479575043257512 1.47908393242576
0.869171419776922 0.815090608858411
0.255632727169157 0.501277402159268
0.477921666428298 1.11510795175269
0.30501895386414 0.354722110079692
1.30106837017681 0.91895862260897
0.625000861365294 0.712130918337018
0.406941967606536 1.46111651852289
1.00597305053058 0.117526345598823
0.597805258616687 1.42350990591832
0.351905846751748 0.517937232226425
0.308138886064086 1.36862621006143
1.35593713719683 0.964490216963281
0.428434580996269 0.447356401607862
0.694728375693563 0.185489090598625
0.351284785545911 0.874627653513236
1.17827437778364 0.976001940564568
0.452323108199283 1.30489024716272
0.447589379041424 0.209705955459111
0.0723384222154935 1.09025982226674
0.475423220068985 1.04881851475795
1.04958235457329 1.06257683932458
0.863045386727277 0.641878532299662
0.66956348410897 0.767910710634537
0.946944737164405 1.17861928891627
0.800793012959481 0.969946620758011
0.0617861149279022 0.317022572446784
0.349968255744642 0.856236148743441
0.590473256636715 0.628761489817114
1.35851193319221 0.924491934120538
0.945302125862512 1.21096385428837
0.64122982530051 0.628283326324124
0.705548444212663 0.265642730567921
0.975845197604729 1.33310327961359
0.73916196414466 1.20155735347605
0.62676566190356 1.31176389205683
1.03577354837639 0.617164876677702
0.0281090898641865 0.637758296330696
1.20509914859938 0.231440011742582
0.25654738208368 0.887885901730594
0.401478238677273 0.573347156682991
0.707940896543572 0.991877856458381
0.199054737817111 0.0968306138065641
1.24233304701954 1.15421610077761
0.238229028807551 0.604463133335502
0.797337113427504 0.420675884597204
0.834387393278479 0.510294062581859
0.162221333343986 0.493654112416408
0.819588924805104 0.563353706954877
0.590938954150991 0.879006616153968
0.981041599299139 0.569535616394477
0.213020255541394 0.795478525382824
0.542328848499897 0.741285598093957
0.550559569011137 1.37064878916394
0.010522464835284 1.12713937458087
0.41250483695441 0.233598674702519
0.11413693699847 1.30279427553727
0.182853099479813 0.570686499999948
0.399554656897585 0.736173490106612
0.315088861557449 1.3284526871112
0.554187997495768 0.094305459135769
0.723571161722208 0.310032913345426
1.37103237648759 0.717717759529805
1.17700003799482 1.24212568655845
0.607473745277089 0.753041350201008
0.696783477446173 1.07981345234076
0.303747509177479 1.19160123363567
0.712748292880438 0.598927749986704
0.516684565417519 0.751937799828594
0.375208820050695 0.0967884932022991
0.595219965120867 0.736397224849851
0.5833531056509 0.512402048038059
1.11343964510164 0.965352326565983
0.60173236494946 0.731901934821857
0.577472636184617 0.71839602166057
0.656062920911464 0.628463967566727
0.708500097890216 0.16149108982385
0.0157071755959061 0.221525426563992
0.797538762086198 0.778285224537921
0.353332043827538 0.425962183898341
0.548119985939736 0.194567482360294
0.406082961398188 0.597899395796548
0.203044706705093 0.779382546591712
0.132181162569048 0.75269401353439
0.584825204458075 0.141150242036434
1.01614099824025 0.736494221300889
0.330992981686971 0.765087459280351
0.616888481455071 0.723276087820624
0.496885138223742 0.730557305981385
0.617988442041271 0.861917043187456
0.443132131019139 0.666391093514615
0.644856905364552 0.609393111454653
0.236407363728195 0.422959230268035
0.906703827692047 0.798931906446385
0.866076471468101 1.10204198156986
0.53753823708507 0.828337976492845
0.626370259216753 0.6217912508215
0.587298524150263 0.780823134223859
0.410452009894901 0.801582836885154
0.201248632244715 0.711990339494161
0.279383324434508 0.676346847404327
0.507173056898334 0.768054348213466
0.545819725966109 0.670953999284248
0.0156554121075585 1.03290924408341
0.371785873481288 1.18575588043111
1.08045523257031 0.530298007942863
0.349475088482177 0.789624316495352
0.412543346826267 1.00485655437959
0.871227701889933 0.926576649847381
0.0203853518304398 0.16807914296984
0.512516638093091 0.767355516990028
0.454005363858437 0.839826292482018
0.497116182957605 0.469756332422151
1.16415389713941 1.19422564743374
0.392224857582956 0.545907651243482
0.436848991304401 0.585920638845996
0.578450006579269 0.0966909510667107
0.117393491888229 0.812502724625316
0.73488035262171 0.893497721303509
0.927346750883621 1.0143527819118
0.208869841212353 0.348055533501467
0.310514007649593 0.334171193296699
0.857342932502686 0.129418174948546
1.38519272782582 0.600616675006054
0.137831254231078 0.521600028719851
0.938589291537959 0.803331245370518
0.75040887966417 0.69779273125907
0.206335186049223 0.146957630901811
0.510688369349136 0.791729822250083
0.355446892707946 0.465506546925106
1.07616906089702 0.593565387357927
1.05345195842973 1.06203758899151
0.507366449774521 0.673524788121617
0.364197516263983 0.547014691920019
0.632522841756092 0.716880012241593
0.607479490486058 0.638868982446428
1.23983654794366 0.600214930869649
0.584338505005397 0.851579560056949
0.313525034940076 0.727804515807405
1.04694386196029 0.516500399983637
0.563608247455231 0.731830509328033
0.537433344733919 0.585449236427401
0.530127376478713 1.17041004660312
1.00228671881947 1.0508592504988
0.572983114823135 0.751497575703668
0.182963910953385 0.291474976790798
1.12110134906081 0.499999401770304
0.778416741572558 1.22882799098328
0.96238592401905 0.818101653828071
0.443388335362402 0.741916962870103
0.234645807303714 0.0829072677983056
0.413680179989998 0.623930433763654
0.322672673223192 0.575991096666146
0.297903017014691 0.778053179196463
0.628085150323238 0.689509246984693
0.937260419204281 0.698416003072758
0.603725926433007 0.666036985507531
0.601593610220318 0.99240810688463
1.1185654312402 0.370326399836132
0.338736153968639 0.750504938717806
0.615041936284425 1.19496046723707
0.554570443298181 0.957900557197114
0.735525528735801 1.35980755164939
0.742252127278718 0.890156902276507
0.401060502109575 0.613023846962146
0.560535839609757 1.41407744222934
0.528450692243912 0.64132662241735
0.675493554093489 0.580255047303726
1.32205218179211 0.976053069336925
0.341272510983047 0.832156343938881
0.598319639362205 0.955613201334842
0.874746570028931 0.928153868063499
0.961824049283182 0.649829040275888
0.622086286839759 0.683395160145728
0.0364357253243173 1.01905331267845
0.405919160356556 0.822413588505239
0.647657568323396 0.681219911518142
0.359196261101139 0.548612828810542
1.23877888621497 0.795737209958674
0.583644860228517 0.888391109277403
0.467389909827639 0.187670906122488
0.64087124502092 0.614975296294657
0.594494433892027 0.134318516331822
0.563739507332546 0.73304425393924
0.488766986159523 1.52469447124289
0.458794158375611 0.857722679213646
1.33457935384181 0.956899463832415
0.36841658085 1.30091532915558
0.578787671371463 0.720541443562648
1.04808467995668 0.178945452296775
0.433840554241353 0.524104433921108
0.245723303346161 0.967819435738956
0.733142912653425 1.32003560252205
0.101226020920934 0.35020856833686
1.04479219555695 0.541452718296361
0.592660445403031 0.744766848409466
0.224637789513768 0.62720251600168
0.0198212525700414 0.348215149274919
0.545302209194346 0.59235455242499
0.768155583363071 0.44761864418757
0.0619222557463902 0.881716410784354
0.410237749116684 0.628708646886798
0.93472881974863 1.43330661274978
0.171325306967694 0.19248885644868
0.806068031436687 0.7746976931095
0.715467710044876 0.651346731474682
0.250911419525173 1.36019382650559
1.02053558909923 0.738988271481064
0.593622599619058 0.497578629114139
0.13951313484732 0.698036269374536
0.212559644178282 1.02240574124519
1.17941106375683 0.785671770061004
0.567925394030622 0.737486724642557
0.533407695001269 0.750992746662115
0.646933171169983 1.14522469018379
1.16445171136365 0.697991391736185
0.733215763450311 1.06199470220818
0.538209338752038 0.745270869500815
0.518073388926135 0.592915790603682
0.496082034041926 0.93473598198737
1.15046260141036 1.06745310626964
0.372700298585027 0.229774965532449
0.338758313610207 0.0551679895972081
0.430906791176667 0.157424688992597
0.526449702711232 0.752256509710218
0.929129043200482 0.798587728424554
0.407490247079967 0.497268312575496
1.3080005966281 0.876474097678245
0.0254703770564344 0.265740844966502
0.680370564667833 0.80589555694312
0.069628276416963 0.61925946280232
0.184185666330664 0.517600005241386
0.508113829868935 0.89044846408488
1.28290902400375 0.879954848545056
0.849251256087859 0.328062992301745
0.777560472562132 0.709614791042211
0.128431984135101 0.945471114533638
0.749660613281837 0.487820655979904
0.787287959388783 0.792752741890416
0.404251872858908 1.30011520797008
0.460884360112237 0.637688459634674
0.11358465512565 0.801481313784821
1.20445225901708 1.00741971942301
0.193032933329652 0.957066678495706
0.660880201360057 0.792233176945808
0.487701745803273 0.344048413905493
0.583642872755513 0.87264053173198
0.338643823466729 1.08271456056809
0.874634493467299 0.110303588644551
0.456827360501431 1.09745906524743
0.670112158808179 1.07949051247356
0.240185774165826 0.811124110260818
0.88190651270963 0.534047734682055
0.756030275622244 0.802371594482538
0.822957310235059 0.107245685318351
1.04183633051726 0.232286686572613
0.908432285979476 0.708662087194681
1.16885740367318 0.917169892183764
0.671506395894202 0.856475512045059
0.561995742092815 0.732294563594559
0.219100656977685 1.18774087107314
1.00995295234527 0.811205792210982
0.196412246317956 0.842820679674868
0.448226445400023 0.805209543105004
0.597360714224586 0.725385340902066
1.04413367171634 1.01112932681963
1.27876026614041 0.36507512349652
0.421288131822398 0.765561272030784
0.78879289452391 0.780291676744634
0.493259336962796 1.4716870624642
0.913523695100523 1.07054394417367
0.223288213048971 1.13013900728123
0.337714382239481 0.980907517662736
1.22991467360731 1.79427427942896
1.33944787402911 1.74942481597723
1.35602018642467 1.6168150082957
1.26883272535626 1.88529771907008
1.19796707307158 1.90012919418295
1.10929110996772 1.91620039782559
0.978505717843269 1.93962804911935
1.18090516208749 1.82592394144261
1.12171048828507 1.70684399491749
1.16266334947551 1.96637636207346
1.08722921385499 1.87088324760417
1.24655167478543 1.81280424640764
1.02207820472169 1.73570076467817
1.03287144163829 1.85697506508215
1.06586576786655 1.7776728185458
1.28175715767449 2.03736610876189
1.18451265227829 1.82674817948761
1.17459164055795 2.04186174938722
1.2828709169804 1.91174568792098
1.27512506659607 1.56799374267425
1.2001278940251 1.80592645782682
1.39111185169577 1.7686811362633
1.39254139052636 1.70599171713529
0.998551278065637 1.85946343045571
1.16073824595098 1.85021270410824
1.39419837954117 1.68751835475746
1.03244121632851 2.01900821717974
1.33178727452737 1.7999734716379
1.20556969383254 2.02158966317954
1.24093272682064 1.83838010517361
1.02506873636788 1.83395501584074
1.26212710357303 1.62166848705413
1.30989830063583 1.90541533266571
1.13314905267477 1.93054462625169
1.007051776544 1.74326937425839
1.22825864571558 1.78883040528422
1.13854827064006 1.75068081057299
1.11969438509209 1.75381614254041
1.13238065102748 1.85506100473518
1.10306135698314 2.01559825398344
1.28217997956033 2.03084135439153
1.23942337183772 1.93794262723558
1.10307931087968 1.80673741470381
1.11917153830352 1.83679929042786
1.38152185732879 1.87058305414022
1.06741680051252 1.80079224570225
1.0291110224812 1.89417316768669
1.09559453370951 1.83929561636982
1.17148060418864 1.87669684012651
1.13239426240081 1.72812614284148
1.16562778030305 1.82180442315304
1.34465031265974 1.92945389655688
1.2151420119673 2.02124536496113
1.18446094865709 1.83909441265831
1.20566991858111 2.00427344419859
1.18778566358193 1.83041307446898
1.11738761155903 1.8830332519903
1.37215040476613 1.86586804370873
1.10680928000362 1.89538406506413
1.20272597484338 2.05139933066998
1.20688538570706 1.83503079358559
1.01295145264794 1.99584363702102
1.26161284041155 1.93496521815908
1.1855290177302 1.80525902817684
1.22742589053249 1.74517289170367
1.24397093016206 1.84653657308593
0.925082761075737 1.77436528599233
1.19385771451451 1.85660561094395
1.15243463878734 1.68850714001232
1.22425350732204 2.05831599130107
1.29347030639005 1.8702506320777
1.29531223694658 1.82371656675168
1.06657596229543 1.74029851297644
1.21746224236961 1.83226772134326
0.974520007735328 1.74303326598741
1.41770532567524 1.71370242698259
1.41733502517422 1.74820784139475
1.12464550795147 1.93605257427486
1.1557291672578 1.76232961099836
0.974860559509428 1.78571901347757
1.22179107018831 1.80600254292905
1.23433444124967 2.07627669034008
0.964865939947137 1.69804842067082
1.05281792371518 1.82975925999871
1.37951773109859 1.99414300859884
1.42877207969323 1.77730386491351
1.25348775336198 1.9136897602786
1.17131717064507 1.64539051026435
1.41094182459271 1.98090165019497
1.18470414930589 2.00738862526565
1.00919690294386 1.88594217619661
1.17074293278406 1.82452671286506
1.15264293275282 1.84842536416365
1.14727793977336 2.00840524507919
1.00982222961667 1.70005858908197
1.0606909405715 1.88169440954549
1.3138026503332 1.795934451101
1.39787816700165 1.68595635134035
1.18975988038176 1.85069837127041
1.26154422054025 1.64041203570883
1.34409683585942 1.83871222067198
1.36415618387536 1.84058993446911
1.18769928596284 1.81435980218516
1.20918144971585 1.67216566636884
1.31351124468978 1.97021914960616
1.06863300698969 1.99121800558463
1.43355483449783 1.81575932621986
1.15810766739227 1.90055178224978
1.1513928539369 1.78641082469498
1.05488570929223 1.81794912607382
1.00002613892835 1.6742700098543
1.24637661883132 1.74624332838042
1.04273632942624 1.83856038520849
1.3487133043612 1.73589229942858
0.946632395532795 1.83790360583357
1.18190529747253 1.82565992612853
1.26265399168101 1.95479091662149
1.01265033563804 1.64544360189907
1.0197182306102 1.64117710913695
1.20054880756075 1.92348117877921
1.05505458836977 1.98852560761396
0.927904483335847 1.7848698859396
1.01174098967095 1.93732422463899
1.16068787400952 1.82818091827557
1.2629090302161 1.98451731585564
1.1817683374092 1.83364648621181
1.09353632983445 1.77382059702282
1.22281845682015 1.85487495747505
1.14164340469476 1.64477527971744
1.23233365899262 1.90272905644496
0.261022651915345 0.237202449952024
0.123761661976833 0.640777320746128
0.55304860080392 0.736415461728898
1.17563497811252 0.978022442080796
0.552419101876628 0.913242896342579
1.38044440766509 1.66074152145844
2.04697530275631 0.33673342672044
0.205187253860019 1.88432681418542
0.667525595472916 2.03147206892798
2.03962157467753 1.63784800637168
0.0337655111561942 1.80865141191202
1.05298587771711 1.84735450254047
1.22309280676126 0.862569367933991
0.896882932271744 1.71169908202495
0.936979748353682 0.971184945577807
0.341049555232441 2.1022521225978
1.52005029016472 1.92039713575344
0.493770333550272 0.524777685445384
1.4427274139495 0.484698050136321
1.39780067592255 0.137255020830027
0.369321613314471 0.0503583233525622
1.7568846474222 1.60608765159091
2.11217806437398 1.04671471198351
0.15881344664969 0.914188815904251
0.572859709586795 0.473999044439598
1.85391497991434 1.64335367511009
1.50516438251394 0.84575430949128
0.662630108145692 0.595585227353792
1.32743055958538 0.419621146786827
1.56089850133533 1.83369322022039
1.98274651680762 1.60714988343803
0.041042693727114 1.72444814364929
0.572193341110138 1.42140627241775
0.14069123129372 0.126578167002879
1.98617708052063 1.8236235557651
0.441599400235926 0.182827545336595
0.633671393005431 1.9023665538475
1.26852639305721 2.1266211751541
0.0517667644898122 1.59011221347666
1.87839042551696 0.176378094777756
0.703755921284302 2.12590810371796
1.13883937243816 0.462980703914084
1.26048395301393 0.840909867472812
0.597087740083865 0.674295980673437
1.25776702760774 2.04139909354694
1.34056111321047 1.02310626716267
1.06701353615146 1.70732144305262
0.297722491372873 0.905385717226905
0.00931562962544825 0.0324365037729192
1.03389431048077 0.690771791956227
0.906023480689787 0.0322352796468109
1.07122572273408 0.89245014117216
0.0323996442036716 1.67108743457775
1.00968228210466 1.7460118160169
1.72044190378453 0.67922292034206
0.54381846286398 1.88053233345918
0.684444708620333 1.38452040655757
1.12993729893609 2.00005240044012
0.468310510999873 1.72127597716349
0.463964190635358 1.87449746098779
0.824318532333886 1.60960923797075
1.0120251267456 2.08799197432415
0.483062442554629 1.56170712042372
1.2590279965356 1.06956393730328
1.60464406247462 0.363140675830307
2.11730554552865 0.0193302607168929
0.556217902995888 1.18761863356073
1.41356860143843 0.671520641637491
1.05468238098388 0.246389231265997
0.430581059710412 1.73261050578664
1.97444157271861 0.994289911417428
1.09706806423937 0.578544107265685
1.49758063068296 1.60324276710175
0.338661558542337 1.82570711694435
0.57738414411653 0.440884078283213
0.437075206227033 0.431253639812418
1.71168630048802 1.30261083684345
2.00966724697281 1.4396282300695
1.16342414025168 1.12644773576039
0.409387698617531 0.613906511130416
0.412059438042146 2.08333233215185
0.141367753542276 1.35730122795423
0.705131362163876 0.524488202147087
1.32431443046329 1.64004006241007
2.1141657924696 0.4584166572986
0.945370019456249 0.221921279733876
1.29069491745308 0.87456767219918
2.04326987561964 1.97324260826692
0.512541173731378 0.433481019479913
0.590411343641189 1.02303366280334
1.22304556188138 1.57653486694172
0.492179793186746 1.16375998419141
2.06927945695374 1.68605190571623
0.450857947579332 1.3968210535029
1.32116537393839 2.11715435871939
1.65131048873628 2.07144863257394
1.98021551999893 1.95988853593046
1.3205510677445 2.03432322791723
0.852922157875153 1.88298082363561
2.01662673245227 0.973092428535876
0.278928336638463 0.841835483482734
1.85475531182521 0.11896748681793
1.63872804617743 0.215153926493157
1.2837727097098 0.837118628288845
1.40255494857427 0.0364246387058841
0.927087056338126 0.729943120771763
0.536036392119206 1.52956802316466
1.5340749365995 0.97873855845089
1.5911525389651 1.12082175670133
1.43123575835095 1.16229344379811
0.0736302545677555 2.07070736431085
0.318874688471679 2.14022542110067
0.950320155912785 1.01713537423277
0.38491974708541 1.47402036887309
1.69723059180515 0.00894664770241093
1.12032045039177 0.772774337446235
0.560068274378104 1.76053290245578
0.744105326164875 0.381210078398649
1.86499354246698 0.373212306368816
1.66824592536445 1.85412553046058
0.40227919600643 1.75695330664095
2.1374800922791 1.2847407352325
1.19006730238127 0.921367367964515
1.53541224045474 0.450647496834273
0.425813599330964 0.341812509293607
0.443170688952124 1.87531438852429
0.451745065284655 0.854333288654163
0.899462173968121 0.351434959678077
0.522960795011055 1.857743878075
1.31186131825561 0.62159267194466
1.97344816675821 1.95296632818718
1.28310202383416 1.39360830087186
1.05931817566458 0.154312718891892
0.169874846393659 0.918717477013893
0.785462696999781 1.15286485820085
1.25695900333438 1.21794023259629
1.59578981868734 1.72032421524083
0.760014247791681 0.459890935277269
2.07644125938222 1.17734794058964
0.950158118719407 0.0289527879482703
1.62493712112849 2.0774862376016
1.04820676954212 1.35541808251154
1.70898994610075 1.38822004921794
0.32102927216158 1.84894897307441
0.861070728487656 0.392670366486799
2.00146327073806 0.00724966439197775
1.20456497546367 1.04665325341979
2.02389135105283 0.592526855169715
0.473851282806789 0.743871791407234
0.225422559567925 1.03575458348938
0.751492521570856 0.616694763440845
1.80839878718496 1.41616272848058
1.22806749330969 1.3684444437063
0.279524569836945 0.874634837394285
0.0943190408624821 0.439571238690852
0.418207687646323 1.48882684177188
0.907585759355591 1.28290853030734
1.13986953816663 2.03917591650707
0.904759558645057 2.07089792867309
1.82783234212157 1.8143121137971
1.97649743408078 0.464139860669717
0.0576467485262376 0.392792330512982
1.29461557481325 1.2497093389424
0.0133752571326165 0.549136565267557
1.83964685153846 0.167487392621966
2.12925363982094 1.33256946797498
0.951925381021713 2.05761752258049
1.42067425372788 1.00824235768765
0.269087450416645 1.77525802841201
0.127350589201847 0.34054550239445
1.108695479381 1.58960842211776
1.75462993221192 0.421499489796804
2.11767666619094 0.512636428966177
1.24287789238685 2.0648704325068
2.04999770260362 2.12792942189622
1.83098128387512 0.546167341484168
1.05925343663612 0.554324433121289
1.20247113675906 0.287352660901139
0.559048014914608 1.41560645667197
0.121547153667327 2.12157214171776
1.35506918657368 1.87360199191985
1.17820197320628 2.07004563559098
0.453531586220373 1.2288522070218
0.536901460750168 0.99318222412556
2.00544826392992 0.131627180478981
1.77008846609043 1.27271551758352
1.94354733947124 1.48728683972712
0.705616634416101 0.386889011963017
0.852723915808257 1.7793612460799
0.418329651672507 0.781979145847076
0.00683144655554959 0.0917188119762834
0.6423528500144 1.8549314169927
0.479720096097307 1.58308629833678
0.27331603133886 0.397600947900424
0.855146385821432 1.13332159282674
0.449194342773041 0.996694981095135
1.65371087474468 0.148992434834553
1.12869030317123 1.37830747481161
0.411406448911475 1.82779828397141
2.1111818909269 0.888824459169137
2.11894895556647 0.24969566826129
0.0594221685768728 1.91837052212464
0.357840955805794 0.558265766291606
0.745833989363393 1.71518058425946
1.99192178605565 0.815582124796047
1.57784273244335 0.922900756185174
0.997276804999467 1.48278199517071
2.11474069516221 1.2633503745974
1.23124914190545 1.46648454356404
1.59032553949367 1.01365927523406
0.955536175682943 0.139300512849744
0.138035838304128 0.872126671103186
1.8256468250564 0.773393484995295
1.7622186301893 1.79455490463669
0.358596536555894 1.47052314695495
2.11869655040201 1.16813961918731
1.81139334250347 1.67271917985383
0.806244177631067 1.90034976564472
0.0322966433994105 0.867196315240224
1.49709046118691 2.06466831715617
0.837252308973382 0.701349434429861
0.548893149195235 0.0395642610253849
1.69869284773386 1.66950757393833
2.14263216344613 0.170928879573965
0.177465727022809 2.00855391592429
0.14705833290616 1.0881358926979
0.237472744477734 1.09752261569283
2.07650227083666 1.97964844271673
0.111659829957162 1.33050948482415
0.0927236970682355 1.72766145816096
0.93926112345277 1.09449307207717
1.35658404770357 0.5213986391007
0.840099561744505 0.409703113256032
1.25472140103217 1.4677716124961
0.676537817539647 0.214390929517484
1.23105373119799 0.364052826665228
2.1126080697276 1.66887120968797
0.176406966260679 0.254186741253082
1.73362135100497 0.0984715772787436
1.31664781071979 0.156139251118073
0.773975308899627 1.59128975061534
1.61708917761388 0.493256607982063
1.32346481404879 1.03056065770411
0.93066687470958 0.713870726810633
1.73943089636764 0.969809722264802
1.78868993568756 0.845001145925723
0.774472618171988 1.91264299037641
1.1254071937034 1.88597322424667
1.48797937407676 0.027494510094535
1.34267868663134 1.28898973447782
0.414786172906161 0.674860550950034
1.63760504938478 2.10628878485579
0.777500184726305 1.9262194935914
1.11874181032076 0.711815522140226
0.921115649432155 1.82231552958358
0.246027091711756 0.0131882526784179
0.0138616741043584 2.07979843330063
0.953686149261336 1.4911853601879
1.62061788181376 0.863327439721506
1.34114781240237 1.95275289139086
1.62225022589692 0.540850674221538
1.87155470347892 1.84994208262531
0.568914981180386 0.386052585272266
1.7327941958437 0.199965079351184
0.543464015984577 0.433647729364468
0.909421354526791 1.70612684091044
0.899006877997864 0.0276580762419679
1.88456706556238 0.0991147579495932
2.09689868858102 1.65401438010855
1.85897041060622 1.54045930780786
2.05503283473381 0.218851352569354
1.93596906472894 2.06032935413453
0.723782630553046 1.77550168300914
0.831139471821365 0.837888172221826
0.958956841115076 1.77743582086596
0.265355342432914 0.624651934355249
0.829560685042628 1.53313978259095
1.80995349593137 2.01714948603509
0.946519834821577 1.93087695410994
1.5373738036754 0.391447599454038
0.193425297747692 0.91877673096958
0.168351506155649 0.487467920067687
0.912894175056785 0.683114238151782
1.25739536203102 2.12941758521285
0.19523136773825 0.854571391311743
1.53750065895734 2.10981748905567
1.14757101646575 1.94390249194497
2.04093404400751 1.40339887332756
0.74809559684306 1.95443933669486
1.12615945207226 0.936627285521706
1.69812710080137 0.894906023621878
1.38422222558657 0.909242182469079
0.168292386931554 0.284769420171541
0.87656615586781 1.50908108275738
0.360918567661059 2.01063156687775
1.29580891047848 0.166021734471082
0.116640576433149 1.46752281115218
1.34703401006017 1.13625610376423
0.0504998464137044 1.44850114466125
1.14743517907774 0.0406683924012637
