2.26119419641235 1.84736880031492
2.19301196837111 2.63583326614731
2.34237620722691 2.05344288796995
1.64784489491834 2.14944008172062
2.38161498089586 2.14136199186308
2.52662125383997 2.29319357492868
2.2398659574704 2.3264050638989
1.76471173565051 2.8926377799694
1.8941497191934 2.80572440463879
1.86613496089339 2.47290981971589
2.7279517324302 2.52998961064916
2.74976063361409 3.04443790258618
2.27125478086988 2.05043146534183
2.3356194623651 3.36722854797447
1.56722625856136 2.52080842511753
2.00323652877468 2.7056744297514
2.4821085508221 3.2277460614971
1.37554129322585 2.3534802907922
2.34001236080528 2.28558788273424
1.74586903602925 2.70613892508434
2.20420820974731 2.46173800529587
1.71877270722536 2.32656432300272
1.42270590700003 2.72685880820026
2.89815021533644 2.7347773097852
2.72441277734552 3.12997869707299
1.97630424084689 3.05612154796627
1.99938565107882 2.43866097452893
2.03775372389267 2.57131119265933
2.03634996822013 2.38723322648118
1.95614537057272 2.70610199972476
1.60169334108173 2.83226579730952
2.21924723782042 2.73309704709195
2.15493040389756 3.16225745022103
1.40360717157715 3.037417440136
2.09761779801336 2.05920250983513
1.65865709142043 1.8147175393628
2.18455774063013 2.50261142033323
1.64481109831019 3.13878389327473
2.44287111551142 2.96401170786454
2.06113343039585 2.54035425854765
1.86440675048308 2.46689149482652
2.37594114694919 2.1722375153539
1.87831867979969 3.14781912739446
2.07271712280284 2.5302651288285
1.66773281869253 2.56153861317881
2.51082808645178 2.98759941007867
2.24554612254235 2.58625951830686
2.32448566184644 2.56087399853954
2.36845638608902 2.54140524397152
2.10571140011918 3.20148277235771
2.03304525523551 2.58929072578598
2.28572006087578 3.01252048235059
1.96769511112344 2.81167699826951
1.82208075262959 2.16206129633972
2.23601658296436 2.05972493279707
2.14504725782486 2.50949633666999
1.98887287536372 2.26569616277265
2.03896689640518 2.41361455929126
2.2027522261162 1.99034210412499
2.52452129590314 2.43505382442685
2.31706346614584 2.78601694518511
1.84493561561029 2.59529870966677
1.36249426433975 3.00042425545198
2.63043175206912 2.14079483181296
2.14565323019926 2.58110743859571
2.47276246072907 1.91827682215858
1.61063006041288 2.98464913561529
1.84580443308777 2.20291031065371
2.30484917155887 2.65098486528738
2.30263615495409 3.36743139134447
2.13360513257577 2.56119243552299
2.24062676884742 3.34593277002434
2.03843890136728 2.52353838330769
2.72730729073719 2.543511200855
1.31915197550282 2.55915830330588
1.75846560967496 2.56746645628001
1.68881902190034 3.05919520204522
1.43056525008504 1.94388230413718
1.50475891024777 1.98240337421276
2.23480311557333 2.80780493100886
1.35475645616455 2.84349739754634
1.53685469804803 2.85570957318039
2.07263705071376 2.44505176086267
1.78679566179575 1.74132035150836
1.99609610794256 2.35869713870095
2.48932081373086 2.73852891318821
1.30895434907353 2.96015689453393
2.02859712322147 2.56431036776113
2.33885483489165 2.94137531000715
2.05771989051763 2.22624208473333
2.24180953181987 2.5053083744983
2.07043543035742 2.74644557462138
1.74646723850303 2.30155330838312
1.52939064797254 2.64998724510266
2.51244096851343 2.93175431078802
2.17070285175343 2.41246834741127
2.68825761673883 3.01191355998433
1.92972835733967 2.50899765418036
1.80647276207656 2.1891247705924
2.20441465932298 2.90984644184951
2.06219667675217 2.56612501308895
2.31605778254604 2.60616458886637
2.31264534572566 1.69854364034471
2.38832283450679 2.44162600727927
1.91721712358396 2.99043202281341
2.12599723564154 2.47291078197946
2.43073742122708 3.17706868573653
1.91981155760665 2.69533236178885
1.97827313295181 2.41983894739997
2.25487443665679 2.6942284833089
2.0571503703446 2.50285649144548
2.09745864832628 2.52132295202415
1.49349031474393 3.0775802684819
1.6857272790392 2.82821980606971
1.86772269164077 2.58143144365506
1.5591019995203 2.78551861294266
1.95403927633837 2.76378482224362
2.90541895520439 2.4764631974377
2.68251898241334 3.18789178279775
1.57250068978617 2.72638371366156
1.98806362842235 2.52770455721606
1.83105118015656 2.97842349141195
2.36274368365166 1.92358451182394
2.3430628593866 2.53493018963207
1.84883811371967 2.56331949360114
1.696526381429 2.41429488711697
1.46017923333387 3.09212947934515
2.17657699372016 2.27508969890574
2.09337112233222 2.5583406561992
2.68391254394904 2.02321969611427
1.78032382646389 2.37214778591128
2.12429070103016 2.5059672815221
2.20654631632942 2.64253942050174
2.0899138763876 1.76022526210804
2.28093384839067 2.18341816013354
2.48271564500833 2.94296885981649
2.04970341951607 2.09375922078864
2.06489589808828 2.07209460173059
2.0399018113563 2.30652268766708
2.2423380532363 3.06941725511196
2.16933917725873 2.48233016043225
2.24416804877031 2.61802025189647
1.83783772317915 1.71482750146052
2.03847356985378 2.88211063400194
1.48806802979267 2.56343344659822
2.07041593582327 2.44360966804836
2.47414988584047 2.84410450653459
2.19333710431082 2.56407509509758
2.12652956474962 2.78182787144192
1.53882800768927 2.67992485742644
2.19538241109424 2.54313096665823
2.06309128937491 2.54408934261565
2.59036377007415 3.17013946788709
1.96336491000832 1.76405652585953
2.16245922828679 2.77180994414006
1.39848892366258 2.0719998096679
2.18566237162832 2.32645006701631
2.49892363660049 2.49141937293178
1.8352949202696 3.09488037040642
2.00965243369361 2.64151137298716
2.35240021982589 2.3617390149537
1.98557315222043 2.62967326780274
2.08519824539015 2.52081447742835
1.93000990811528 2.50619811054771
1.55207312935583 2.66313047844423
1.96471678899813 2.90810055155062
2.26114192939038 2.0658635065253
1.5687512752782 2.07413300086581
2.06301411004599 2.50334974081142
2.74770405600615 2.77936291761663
2.10014681931656 2.88324149456594
2.15602698738897 2.71672766933534
2.69640732563621 2.87672196511038
1.90901536150307 3.26524167399874
1.63357059175078 2.31014814557774
2.25046736016833 2.09128577373345
2.33643316318769 2.41380569376505
2.01941145014473 1.96558475470367
2.06902657959428 2.26804296318812
2.05635472610955 2.64327872131402
1.73678446968654 2.87054102199428
1.63581525377499 2.78802766456439
2.22327685728613 2.51730697458863
2.24032021185117 2.70161771762601
1.98031091059004 2.39732399185832
2.18089815683244 2.31698824841124
1.75403088820362 2.16946365995145
2.46159667761814 2.27227876309493
2.16047636424593 2.66621270305584
2.83980991440313 2.9121414712442
2.0143186876697 1.93167645063765
1.46595219306347 2.04714936955214
2.34964506061298 1.91149760099874
1.6513392514376 2.5025449938849
2.52587021255064 1.80011423161947
2.38453427265049 2.62229179952452
2.09870756494018 1.7106283421131
1.55551142351952 2.8588335618813
2.61903395549846 2.43673327726265
2.1395507397897 3.35757728283787
2.06943160623777 2.5117407951395
2.19543324184944 2.85274369281369
2.10986451538809 2.06293586226714
2.35386117686959 2.35061465517797
1.92542769478086 2.63760014971568
1.58206295310534 2.59578465606604
2.12361252950909 2.84425392511589
1.60738411742146 2.92044031218282
2.52020884121027 2.35968117516366
2.1083417872369 2.35151636440072
1.73277006789255 2.09616691785259
1.56330175794838 2.83692036560969
2.32002673086978 2.87897722131499
1.46880836440638 2.46741722705075
2.19625478868336 2.68019957616486
1.61396250002294 2.39344351338542
2.20468597204547 2.47956246994959
1.9263425066637 3.13388639294668
1.88228978052523 2.54999596291933
2.25105522139916 2.72163080440009
2.17094278965914 2.43942883044674
2.56939853079501 2.80515912082549
1.67042891551716 2.57650547161562
2.35274785590377 2.7791411520826
1.46534377204488 2.3816052333235
2.11586799539083 2.14609622476658
2.10090477935032 2.51646783737063
2.08381202014572 2.55295083017386
1.74810635002191 2.22747936266827
2.13453338661257 2.79264080484431
2.26491107220469 2.55744042276479
2.12039432536197 2.72082965277059
1.67775598592451 1.82648246642159
2.04204495903565 2.47917867998306
2.66809694027949 2.75056918975924
2.27776215399303 3.13542977702142
1.74536891676664 2.80759329403548
1.83068338788078 2.89648244648416
1.42576106432905 2.28898075867979
2.2949085669082 3.10744601074937
2.02873060126622 2.61997443601396
2.28481892148267 2.85760214180923
2.00053614902768 2.57165125063501
1.91440033323266 1.75937223908772
2.24776070644917 2.35477301965751
2.84974399362496 2.94243402019045
2.83272161101594 2.58659160964316
2.04992397250397 3.12308851317215
2.77427136351255 2.18391622892383
2.56447163512548 2.39740136560282
2.10090031086014 2.51078511918134
1.65314042427394 3.14619578211479
2.03877708259301 2.53123813052507
2.38438688075307 2.63200113718113
1.78934897602848 1.90640776250813
1.38011126832743 2.71812799702316
1.87480427669245 2.96493686675449
2.84016573472115 2.26106649531755
2.7729568203131 2.71287699540345
2.14684105605389 2.04232346489306
2.25488232118115 3.17961391903322
2.22345507689996 3.21782042938487
1.93910126886255 2.39960121279932
1.92532885798169 2.07558400795024
2.16187832800716 3.14374314174694
1.53982548498021 2.26997388064738
2.39285403854569 2.06577512331408
2.26145041941502 2.32039096809433
2.11369337352544 2.25507660512298
2.36692347973818 2.34065212700919
2.39028525352944 2.64868275124439
2.10073445956103 2.60588217007355
2.17604587062071 2.32902194564614
1.83901310149392 2.19902617672413
2.34034664506342 2.34875050120413
2.00553111950817 2.46022999609562
2.36640148666504 2.74551715832274
2.04577228756362 2.59350156614133
2.28888959832445 2.07664529028514
2.13194551223391 2.79417797863402
1.80912370640417 2.88055162347756
2.72498121015106 3.14450222357546
2.24114062480749 3.20709888664333
2.69462769875103 2.46281982728703
1.84828735261955 2.03212901360916
2.49735225127922 3.02754568139945
2.35626332113935 2.32958574303579
1.33721388705801 2.50748602726576
1.96467039273732 2.5151373658575
2.40323170500146 2.47189214781974
1.91241887358734 2.443707725718
1.64548816246185 1.89955018751747
2.44816718858657 2.69923002150595
1.74331163395069 2.33563570807409
1.947818907632 3.21545171287763
1.911423993414 2.53960724663294
2.5293141327253 2.84855763539618
2.57558065462726 2.62229315850675
2.09611450532488 2.73854871367446
2.11056345337182 2.51082088160924
1.95278232484779 3.37887586642127
2.15080560221365 2.30858298542084
2.25131323744575 3.3205133470479
2.16108016875118 3.17101431652585
2.42542177678312 2.24258663512575
1.51573949693505 2.35586403435244
1.46999016835137 2.0906692339505
2.06065796412799 2.42088636574767
2.20839638905699 2.3555419308057
2.69463717147537 2.22823446387079
2.26262841257537 2.9753352098117
1.41913005097942 2.97644391367681
2.65248191032762 3.15262037096187
1.90449354317707 2.36108182980124
1.56659110314652 3.19868747556341
1.87241188403591 2.37624213889469
1.95386243907617 3.34970486511684
2.55324705137763 2.82836114250132
1.77707568580571 2.68302416742618
2.00606403292176 2.41487201727523
2.25835684639347 3.28728894997984
1.45192610132127 2.27046906338435
2.17660261801728 3.26255896627498
1.91391159921537 2.41516329133905
2.71087499222797 2.04985274043117
1.89467821253288 1.6747767850036
2.05994803374931 2.61857853863635
2.47860906960912 2.00606807761118
1.33669275070748 2.28265501096059
2.24741859601476 2.72281362152028
1.93641017371543 3.36311509261398
1.54758306766519 3.17193482197114
2.26656265089131 2.41280809468538
1.60479128316181 2.88990782147999
2.09756095081505 2.45345209706161
1.9729964051161 2.14769600605871
1.51666941722896 2.17887667226582
1.81670817126017 2.44226499812448
2.63583529101891 2.42528317354838
1.95478454843869 2.29765161108666
1.89913200830377 2.82147831354361
1.7667863851512 2.79650503481531
2.14540925537651 3.07291789665511
2.24663506798521 2.53892296000911
2.35879845529793 2.67836515398512
2.52255574163397 2.732124026146
2.08847523269463 2.87623142436494
2.26813212150832 2.3822124593786
1.53215814818745 2.52351591657092
2.69715164515519 1.91283606403229
1.35949270950574 2.91876720083137
1.39139038972338 2.67404571187315
2.17431901864926 2.74872469828228
1.68602000957146 2.80384928694665
1.63458580003637 2.41549858673146
2.22063089026346 1.73130048759936
2.21093031073073 3.26170798034695
2.81194464380763 2.2122019088656
1.33421580296765 2.27507751251174
2.01408838444496 2.2847055733558
2.09282714823728 2.73273730916864
1.77739942024614 2.32223536510037
2.23315162510353 2.5645841195347
2.1345878071162 2.7161560457172
2.26272112911 2.35566955720309
2.21458023950337 2.26183737981927
2.11791824530463 1.92976347555027
2.36612719838775 2.29358505746226
2.53885470985689 2.26747231729322
1.94459445347178 3.39175022682064
2.2134485843491 2.92498304187523
1.77192857666106 2.16726980628501
1.96944302163744 2.48365564463574
1.93980446740528 2.88196549872035
1.25239621383054 2.81744214510768
1.97150686416503 2.01264385408276
2.535371746426 2.29135393415613
2.0742468221178 2.3576391908624
2.06845898491079 2.572282385286
2.08924322781743 2.51997982304952
2.25522152649008 2.59089095504785
1.97724943358967 2.33787023778949
1.98922651536314 2.16547868545464
2.33509658673272 2.94487918535654
2.51403555242628 2.37458277660328
2.93332360872847 2.43686415914225
3.76376278964557 0.603998848968723
3.87697543785202 0.716994812640747
3.99812468635189 0.575615019654323
3.8992181845484 0.516717117964493
3.8416803713314 0.701494742766496
3.84931501715433 0.742558635567306
3.91364718510295 0.668894041868926
3.88714863286824 0.72251878687376
3.9085145031735 0.636033526883525
3.90367991043096 0.695806364384658
3.66995512726251 0.750189609963669
3.93124935714818 0.71808735315248
3.6656409830836 0.751340660406277
3.83957713194265 0.677324669284774
3.96610759727205 0.914688409320663
3.91746949464408 0.775868297672562
3.71523479465975 0.791549451296687
3.84238577636087 0.615303207421368
3.83554554213167 0.690024651154258
3.86368381307575 0.734335445789861
3.94288719234855 0.78757043935142
3.89428796332012 0.701401720952573
3.93402907862589 0.721870427820859
3.92900073758709 0.88633850765261
3.90132304197364 0.712192033707984
3.81926911632564 0.903935456326296
3.89395449234897 0.776598171045107
3.81801427397376 0.499983532099912
3.79630953243141 0.52272736463513
3.67024322658647 0.633990214502333
3.85901167868317 0.647296627761493
3.8872141993513 0.722907677918519
3.9067596495396 0.770244966207078
3.67642278616243 0.712339185665657
3.78046262287313 0.624539820290465
3.81875983642088 0.781191020372849
3.98151568991485 0.695122582132065
3.98586530750417 0.768983605303663
3.90822808098402 0.720817240864046
3.86797618510511 0.904135797841759
3.86166697864944 0.859780597105635
3.93236977710397 0.859653898468915
3.84467089349141 0.742894116057144
3.88148342566631 0.754574827002349
3.65839558385476 0.672921771676998
3.68400571712416 0.713008820600651
3.71484669032754 0.601386566615306
3.90247166479904 0.709551727028566
3.79247198417926 0.929397111984295
3.93481608252882 0.85766755708534
3.92899235935188 0.660947739112179
3.88370218741007 0.672137399449882
3.83120993151721 0.507490924949042
3.95860967651014 0.759908809702349
3.86326851037122 0.585966358532895
3.79054416463048 0.740567411134756
3.85539848501792 0.771633404794131
3.92747566136144 0.697916811618726
3.90092248378287 0.707468670487454
3.94669762859198 0.917121149276443
3.82475849301576 0.936257185209336
3.81930502242438 0.584860239946918
3.76387604733184 0.677938440300971
3.92249171883772 0.687651948147781
3.88702464750899 0.788017168902788
3.76329023881837 0.78208727261376
3.90192973766829 0.665319003092687
3.91820248662322 0.784716329222862
3.97851492162613 0.762650279430709
3.70480924520626 0.723163419717063
3.86894204679006 0.861231183317846
3.86783703190044 0.726375324151875
3.86910152112179 0.598038020434366
3.77098056588268 0.888051363485505
3.94219340431615 0.533437209091198
3.86960066847797 0.697654533452674
3.94840568737144 0.799856405826481
3.73540431588888 0.817205777255194
3.99241630508455 0.747267140315393
3.94705736837259 0.728419398804758
3.8940216352152 0.73527842761957
3.91328074320195 0.666684061771046
3.93832401905296 0.735099959454545
3.76418816844395 0.798462575865987
3.95328046438337 0.530268433203914
3.68633250054655 0.787675640961013
3.82785103546599 0.775052082026062
3.77641813433765 0.728747053697671
3.92581630861881 0.653332997466859
3.94723112949804 0.654740143491061
3.75000567127902 0.736560956892303
3.80368328708865 0.698914579098931
3.93966900344942 0.641395552458068
3.87787889083085 0.863669102132521
3.83886593021942 0.752578018791408
3.84899849465151 0.691792859614476
3.89489139119172 0.675210557909031
3.99976635559364 0.755526908608555
4.00791900673489 0.844014846759138
3.86257878862672 0.671180338571227
3.90382223612514 0.726606665397553
1.60152273818597 1.88786442925417
1.41419794523656 1.37469382502675
1.34175138608028 1.8539542096161
1.53808515681254 1.56253892836201
1.57840703926186 1.72122135548387
1.6293124008452 1.59705449728937
1.6746214922269 1.37589030998154
1.57870224793194 1.53885794406134
1.54019692723073 1.6427924169222
1.61590955452862 1.69850905172377
1.50877293117153 1.56410159002435
1.49398024780461 1.68664403549867
1.65260559953594 1.67940487633174
1.3706316763876 1.72626671030064
1.56971965276683 1.59412260197963
1.75115288563383 1.70888359543993
1.45266545789698 1.94007546390841
1.85016835168018 1.87972566449124
1.99017589812281 1.5538180673387
1.87350417032428 1.28937140153416
1.45753130111381 1.42228999084141
1.90910039029566 1.33910817030019
1.65509786324884 1.57940839753193
1.84949498653485 1.55774315703186
1.65389218882632 2.02357358023862
1.53026233561557 1.81825876557953
2.0375057319672 1.49018266727893
1.16033006512849 1.57543108236442
1.73353921078731 1.72690174149463
1.51585908305888 1.64534406169121
1.37274965766927 2.01416591402227
1.60150689816817 1.53369645250542
1.75650510779919 1.75788509894674
1.63712977190816 1.61274128411957
1.35080468940994 1.97774101472965
1.68768006841648 1.96355827689396
1.4952660425241 1.79073677921468
1.63008361069018 1.61354680082384
1.37613784951304 1.77604657296171
1.57426314843554 1.6119783369914
1.8511491373261 2.04591484865909
1.43359691328158 1.89454441751347
1.76895498051992 1.33434067665267
1.50338022146845 1.80171323093771
1.63594074730998 1.69219737104092
1.33378797281335 1.49718685137738
1.59665023959932 1.90055923400814
1.32473628765319 1.64738178292916
1.85192657832183 1.35802949101631
1.52000243280977 1.43732346104913
1.31514782621147 1.94715961446861
1.75670777130414 1.69571609198189
1.41243113702078 1.42606415912815
1.81844276488653 1.76973924578611
1.54097057426914 1.83714931999442
1.41691778784295 1.50740231383923
1.67954516664906 1.46019810772508
1.78930779594281 1.70078678403135
1.320141746876 1.26483189696314
1.47630204663754 1.79833374420555
1.75168360151948 1.63799087350743
1.63941456191353 1.51867596940376
1.42899295092184 1.78790399716493
1.28345209181421 1.73326568125809
2.07144942830902 1.56079039215513
1.83306710623804 1.90902151678639
1.67146254096069 1.61026347560418
1.64357558219646 1.50604548891677
1.65936388343005 1.59865726011181
1.72235992340754 1.67636798034835
1.22401591684392 1.54799093118485
1.84329052943029 1.92185087504086
1.6156064215239 1.60275011331111
1.97084424267244 1.3010527798623
1.57615245774208 1.6119672667148
2.06777514350075 1.65405191129527
1.60418046298264 1.68382614213424
1.58277983905468 1.65124906807993
1.77672184132992 2.02828617129952
1.65995077273433 1.60064179797388
1.73072257297366 1.75559011165266
1.43505930725491 1.60603269470212
1.41646908490557 1.96431944295858
1.2939880422499 1.54520904720908
1.26474850419813 1.431638246286
1.36450005549442 1.67815293409624
1.68991270396952 1.56336534190815
1.71890016925073 1.60312710187632
2.05870900989779 1.85508649985471
1.51510999870071 1.50710607135169
1.52849452467637 1.39460640839881
1.61815974582314 2.03019983048469
1.73580908916286 1.52859085866263
1.31522015863151 1.84852608883131
1.47655799651494 1.3590037695615
2.11614968844872 1.69973207457866
1.65022299217212 1.63335756296662
1.72045501707862 1.64662401534078
1.41871887612872 1.90047570860856
1.3271206704136 1.79336299853621
1.56184793301911 1.60576521506951
1.42171528516031 1.84963246359393
1.52711360851918 1.43401116540038
1.72109898009156 1.62252416481807
1.6872525372042 1.72203790823981
1.73156723553438 1.64785174016785
1.5877097867617 1.88693035850185
1.4102111810442 1.83483017313397
1.90992939104204 1.78187111577626
1.60433962135097 1.60869721105335
1.3086381893105 1.72715741680644
2.06636561348125 1.788559516542
1.74443895216162 1.41550494697892
1.2793850351541 1.80186703805198
1.95748560291778 1.8330121971142
1.70342033191193 1.46191757391159
1.25975753527796 1.41554193273514
1.7399998014216 1.38481491032206
1.82699947910231 1.84017160161148
1.71816148354318 1.81767916900377
1.63320174165674 1.72718280046552
1.50469105928125 1.46089641738676
1.27622179726681 1.44273381683512
1.58244928931583 1.33624175952011
1.53797185157992 1.4446628738643
1.92077005941587 1.80502307362012
1.68489303282393 1.77790384594856
1.54609129777408 1.99729966857064
1.80536397370031 1.73234852206772
1.68228501523714 1.53113873510597
1.72638054644223 1.62355784176206
1.80471061890387 1.70281588433394
1.32915051505571 1.76914180326345
1.5012492102027 1.47762897121994
1.63919858485655 1.19794841786691
1.40291311237786 1.59980655930465
1.59665758204574 1.62500074622072
1.67953254112595 1.51772732084468
1.91350545115077 1.76176619953417
1.63668338804011 1.61703105926996
1.63161772040817 1.2082328578567
1.80932392852435 1.90309530953022
1.62081384317921 1.56278009455213
1.71016335123634 1.7017416527371
1.63396233528039 1.61325168926958
1.32878749935848 1.7797940737673
1.71728563992596 1.1391732412305
1.6049960175976 1.63068448682793
1.70791831867253 1.71550932228587
2.05715068720425 1.5983907187464
1.68746428671573 1.76306439373441
1.83866138247004 1.27846735617127
1.87409992693375 1.43642077436502
1.64362907172789 1.67306770862611
1.60529049996322 1.6089752746086
1.60871620365168 1.39602042628005
2.02534187928223 1.71742897162587
1.55669383627563 1.64280427111751
1.82592849150444 1.63733785140502
1.57876366456309 1.47602091639046
1.46390136824063 1.53411142075883
1.76537072867411 1.27874420214539
1.28299765892468 1.76528430804683
1.57793759627806 1.3941924647782
1.43437179889858 1.31914103662701
2.00574987854475 1.77910127908119
1.48728636282636 1.41500931237973
1.70874771012332 1.41989740014669
1.81181444088474 1.61856812559734
1.64915945794178 1.57316483194018
1.64521826793133 1.60902758632148
1.55575104281348 1.37479502757983
1.54760555525631 2.07733709093448
1.43643042151948 1.19826121799841
1.51785662029711 1.58155728151884
1.98656952656851 1.74415926751267
1.33293840044651 1.48602667870976
1.53466954303965 1.99269083759573
1.5919948467961 1.61243944889442
1.60287073020574 1.65300918604912
1.94025292534321 1.40110369973232
1.26180602102876 1.70260777189432
2.07662436044789 1.62154000992526
1.72926747809885 1.37742036600047
1.64795408332664 1.61698061710664
1.78665680088118 1.90077548759175
1.40137431560775 1.44850148056182
1.39491433991238 1.72710150680519
1.59314621516737 1.48509461045851
1.41646367399434 1.67271639252707
1.91625484940342 1.85546943045022
1.8117683230741 1.53096818675305
1.57809683498589 1.48118572289879
1.59919453063922 2.08433303428446
1.63809309930498 1.61681938718437
2.0201774959643 1.39458612678969
1.97054879249397 1.58885029246632
1.65943021699622 1.66916209935506
1.22550105250894 1.46267794751836
1.45522335612527 1.59113409147563
1.67863122385485 1.67854004557302
1.87166543585802 1.51465663852392
1.80461313722539 1.71193019255826
1.87616397114138 2.02233445213341
1.63872019166598 1.97740879813512
1.72516768974188 1.68410415088454
1.3475958746012 1.28784433804706
1.70925209953702 1.61220207968518
1.6542564288953 1.5880316514178
1.90008827609412 1.83260070893802
1.37419668697012 1.30240791692469
1.63546123465587 1.62322032519222
1.74040556966075 1.69455795167466
2.70122864212699 3.65774400258163
1.63061525594571 1.25722769033745
3.98149337689287 3.1810279832758
3.05868264415266 0.324965808384939
1.24975547233965 3.84794703236659
3.28830789569256 1.62100207924243
1.26090006944454 1.15494525994662
0.550389660434053 1.18176439813582
2.87391636025916 1.92607678096089
3.59484437443375 2.76240443977661
1.09542735643417 0.347916616561471
2.7834411475307 0.169247924977423
1.13767102397052 1.96636605830069
3.18566454930366 3.29736316528619
2.96889950456476 1.26886634980798
3.41818495371702 3.68554469184843
1.68147538488388 3.27902812462013
2.89524086145154 1.0169642427316
2.25334504143294 3.75444715644927
3.00951470253428 1.25323692789221
1.86492228045522 2.22040112738224
2.36110876729162 0.129989260208465
1.31086287411059 1.72573512477811
3.01538330572578 3.29649536829777
2.25372310495607 1.37960011590184
0.502773894781808 3.29287603222646
0.479766289863843 1.66614275409489
3.98025030084656 2.35331202556552
0.87430285505093 1.46136733096829
0.119556666366933 2.01512731859218
4.00582190336302 3.77177794825734
1.36652477321105 3.99134759192253
0.429762078649564 3.61322167323499
3.94998516374941 1.99233041421528
2.27016286788595 3.54388388709332
2.93887782609375 3.12992767320076
2.92702054781747 2.34160744654153
0.897482159321386 2.88548469844279
1.99726631866072 2.65345188732223
2.8688435202577 3.42239436858327
2.96144122196578 3.89962765039675
1.04364006033012 1.58929938866291
0.766092455026177 0.125308921490565
3.20577840198459 0.0153326307889916
3.30923629316444 0.54192883588602
0.142661387680673 0.791977710464647
3.63489049008234 0.994387383942101
1.25787349392007 2.10360280158876
0.853876354171191 2.38021964475996
3.71068565094977 1.70809967026647
1.78620843041957 1.0230528915105
1.02633250041182 2.72029768725362
2.45118075919896 1.38330469097191
0.365855484408982 2.14861731271318
0.768660594773507 1.09476560240376
0.3560457069048 2.23130943711956
2.60298228010146 0.707620767174528
3.06414456601726 0.106194252966264
2.72813788792722 3.78768385393901
3.22525513689636 0.304453157158999
0.407443271250403 3.93465253296042
2.69355259044171 1.72823403199993
3.40122249941265 2.1469001156291
3.50549565250929 1.93263316387537
1.08373395262147 2.8043378271235
2.0316083442716 3.62750514329163
2.95322470576333 1.16074384999123
1.6361859381637 1.93838833045529
2.87329514998493 2.33380084246737
3.14857709885482 3.39324623344513
3.76991190647245 1.05716108927141
3.25713050540635 2.21447069076067
0.18588312898122 1.92181041995198
2.19945389975405 2.92726972290781
1.94070128731571 1.1516792409538
3.38592338305241 1.07665096962305
3.16542297725447 3.40623249379077
1.30065639901607 1.86201436685002
2.33995877045965 3.30855693780276
3.32953365723185 0.304280643569857
1.88826750785349 2.44368078992448
1.06488336009172 1.97478123704088
3.07361572752303 0.738999033004042
3.2885432007471 1.44223843011024
3.08189329840169 1.12575623556198
1.2433575723722 0.39433704545985
0.639106755084186 3.8424673728421
0.544999720077416 3.36074065136986
0.677522027554065 0.479081899681041
1.54235090301871 1.47941207946067
3.95790468526592 0.578225929601484
4.00239034595054 3.94251318105853
3.42887291346196 0.95495737464855
0.462082166037157 3.55745068136343
3.87054592036603 3.78463004070455
3.6088880293865 3.57519668157304
3.01472565462639 2.84429645528497
1.50497872559164 1.32623111654797
4.00273619857056 1.28234926836548
3.15131343262851 3.45734256536805
2.64372568859575 0.757215469643818
3.85583489389699 0.814945051753726
3.91878013797247 2.99158633759256
0.437544214538866 3.33341407380324
2.86123277371335 1.95037421703707
1.18449233929596 1.86087687077861
1.76620603478405 1.85012157777118
0.356834427694806 1.31004157825201
2.45174891336481 1.13282864842405
2.55636679296979 2.11865835287448
0.276916866966885 3.74155098877454
1.58215097913508 3.30772172708801
1.52732667556635 1.67861936019002
1.39006986022433 1.80526876919009
2.33748864725045 3.22922707292031
3.36846292219017 3.40563122857946
1.3382269364434 2.09546680704153
2.84614486025579 3.2006892156221
0.732849505095368 3.18744529419681
0.0237330430860593 0.437286575869397
0.517413160109684 1.13912656162478
0.696217907650078 1.92017170332895
2.6001377014086 1.74801115860789
1.80899064678899 1.16460407685521
2.48746202759016 0.194937147339637
2.88494067257403 2.86990755014651
2.73644094478656 1.03265507975403
3.18042569840116 2.91263316921208
3.18552295989961 0.548113166808976
3.29807684557825 2.24016077778245
1.60151647736823 2.64273391473965
0.995925426552791 3.64246417018391
2.59236976423777 1.78931958010737
0.522649934335215 3.68119769713339
3.01443518690626 1.16660368146357
0.577192073156637 3.27476208855887
1.10909560533799 2.11908021710039
1.6012451927648 3.14824877473297
3.04533308112446 3.67243774519699
0.707584025679413 3.78977398634933
3.8800871827919 0.225465783369122
3.3282652109908 2.14255149991082
0.344286400346284 0.498555372043659
0.669190283792902 0.30557185668937
2.92549957803124 3.94397016043457
0.0151662557224905 0.184736338286392
3.89982691800943 1.79403073469448
2.84622856789204 1.88513771476091
0.143201135071991 1.06421220685704
3.33826040848205 0.81081812130123
1.22536122427267 2.13825141904648
2.16062735933982 1.32085834612658
3.62820354357387 3.62063705340603
1.76081194480852 0.617360727686162
3.4418683563801 0.032176923668189
3.87775855747849 3.52354368409349
3.85098761052043 3.51876132861978
2.37053206438142 1.37605069399911
3.32492717313971 2.86383239603284
3.29817776983763 2.09381439219412
1.12012929631446 0.217078077645845
0.755698119102147 3.08092349586256
1.15143742574108 0.392455734870245
3.38539363994031 3.32552334003438
3.28331011859923 3.72656594739476
3.00504763966098 1.98112087426742
0.334177336714944 3.90722437376905
2.56441276207666 1.74183576374542
2.07529689342017 2.00740686486422
2.52480642572782 0.734107816331129
2.74820189662601 0.0518295561067398
0.874161969700136 2.89332265436305
0.0662116029560788 0.502081041019872
0.344207197156829 0.381065589389647
3.43395713970393 1.47017787389293
2.57066901101206 1.28982720843002
1.77649290641028 1.24444601628793
3.70114729437763 1.00828314662683
1.38255329994433 3.09016233286813
0.169420920385501 3.23574780870362
0.235243413465714 2.445747074165
1.34450907847781 3.72576087837621
1.03758775339808 1.89663768321107
3.18936634737854 3.95422170614225
0.954348566543124 0.628696300635996
3.3112122699698 1.3175203082755
0.339025970305026 2.5640699535065
3.35607096495897 1.06829974020772
3.35337457733658 1.87283393412997
3.01471189290648 0.649356384721212
0.0482485377134158 3.00432805055066
3.90202466972132 1.8131322447063
1.15589693638269 1.71522043123097
0.204627967857143 3.10018978981788
0.206077079391417 1.55612961544983
0.359282463801094 2.99559302994292
1.83798594447872 3.29951708641506
0.498864402865414 0.302454822461006
2.7177789470198 1.15885956071479
1.85573490096497 2.18003238913587
1.3231731630322 0.400443960405449
3.43717549223739 2.80526083906793
2.16942407331399 1.25314870273657
0.95080123812499 3.22288142229465
1.89883352071983 2.63284755416991
1.66536703868112 3.52017783520523
0.0754504399616491 3.53052300505516
3.18749927099021 1.24137383230592
2.55418087383455 3.54183530316238
2.56986394199352 3.33282579155798
1.69200971535393 0.0891765575606629
3.74814462675083 3.40867742048416
0.269413836834902 0.315619240026887
3.48999283318765 1.04996735328083
2.06520555064108 3.05361614249797
2.36097926257879 2.19451501662179
0.0170990331649919 0.834679503770604
3.33664169107988 3.65826304669884
3.57761102770414 1.09676383065339
3.65416664078317 3.913206703037
0.764419193105975 0.992205014953362
1.20135626909805 1.58368799461238
3.90122104615959 0.849563097986731
2.92014258998127 2.31792140881443
0.112017815424855 3.26794903995036
1.75873241801732 3.1864021132483
2.59945408811214 2.53336757879786
0.488022673781945 1.23399660547154
0.662757803045485 0.0284980717532317
2.53584700223303 1.85380483328711
1.77361433893978 3.91129235423503
1.15767587165357 2.85567584761273
0.271868291591119 3.4813104914502
3.50307880204024 3.25122940558191
0.193881313975275 3.53969469368224
1.67422127399265 1.45741704318116
3.89812713177007 2.66711570834739
2.568406598452 0.699804700400568
2.89827875785348 2.16445663213846
3.51791484371544 3.43030920823904
1.40593511943649 1.17207142437323
0.937949537855977 2.80771498008159
1.29488372448064 3.18503561872136
3.60551939790052 1.494189923758
0.346656829988659 2.10264508560835
2.99550524365335 3.54911295595091
2.57137529781122 1.80036180749607
2.13959236409722 0.863585308261818
3.84498761269066 2.35613889087619
1.31181970302126 0.419910554709384
1.35694276533736 3.67937165379022
2.12404009483915 0.582781591133484
1.59372776595772 0.301315374836159
3.29873345086909 3.94279684915562
3.97541944973673 3.79867644277225
2.34617631700893 2.5087596402979
0.521041697428657 3.11599626338486
0.447869713850618 0.601542914566557
2.97334281637905 2.36041936096285
1.56079212313208 1.09729114226063
3.88624956294055 2.00888887828224
2.90457257559326 2.1016946977578
0.544189450028889 2.13556678743261
2.89650021476081 2.097765324274
0.527523344250177 1.70482129019019
0.865275557100773 0.542139866977285
0.852636929117198 3.09800428900606
2.07336644290168 1.73702193503714
3.05848979892494 0.355167946722494
1.21398721412387 0.993568349644485
3.89676063724314 3.67318101813577
1.52922894341214 0.558438856607283
3.76692723799029 0.486745603355453
3.02807125852225 3.46583750381723
1.35249209364545 1.53804944953066
1.90070096127364 1.48456825172782
0.79534676774411 0.214528560760632
0.544119461159699 3.35851235644599
0.774799078196966 0.0223453970813538
0.0385921411045943 3.46861944791598
1.41527362946622 1.20096812659509
3.41527350490544 2.27059815954654
2.93340088567147 1.80403645003164
1.6561227111807 1.43349587781347
1.04262982048318 2.72130624820435
1.55351158503248 2.61817486965656
1.14643214683898 0.567223773487599
1.21098897440836 0.213068544804787
0.479659934870104 2.34613371898597
2.34522592915837 0.057443846673436
3.11795399830122 3.44112118033445
0.745273230628556 2.99993236411039
3.81457879830742 3.39116577476383
3.75725156862404 0.638108368356566
2.55388482784636 2.72531255584656
0.962222856840171 3.03614440184359
0.316575805617899 1.75582623559876
3.58875318956914 2.69579251064805
0.257907513230326 3.26908925325647
1.63549644032668 1.96289078795865
