7.16795748919181 4.39467101506182
7.09987989687087 4.53908968436211
7.20356422576647 4.51726984292349
7.49187555629652 4.43811937062966
7.181423347852 4.3548289542347
7.47903828699769 4.24176853042501
7.19901040047102 4.23728965657428
7.28966127993152 4.13279667787357
7.37578088637287 4.33508641198543
7.30705026362583 4.33505392060987
7.51963265658332 4.38682394337155
7.44973245697716 4.39047833774632
7.39667333902733 4.10455617841893
7.10882136612595 4.3887603235046
7.43078074016809 4.37800440166336
7.56819971994194 4.27123052062822
7.39425420790989 4.62280864463591
7.48133946249611 4.47927868084502
7.43140719353364 4.51892970308693
7.48287685730306 4.64054713495223
7.3460336241629 4.45903605892174
7.51171501525844 4.44065238152829
7.21043419732533 4.47241456184744
7.37101338857353 4.36139978316887
7.09521225332145 4.39409648573601
7.08005788479574 4.37220881397886
7.35663010302269 4.24290043963003
7.34858721016891 4.41513063085843
7.30513902880614 4.39948896690472
7.52348878507576 4.43139250166418
7.46767836130399 4.40648792256213
7.24447709250556 4.42198929870492
7.31462088221335 4.39154336594577
7.34155759809229 4.41427988080629
7.25785070811362 4.36486020815597
7.27447043428329 4.2844885678285
7.63578548598183 4.54272929000602
7.63984610325173 4.39863789440927
7.17812736824242 4.44052222989119
7.42953527622337 4.32142455711876
1.56561116794784 4.41886562230437
1.49332160046964 4.43681588201499
1.45539035996006 4.32804486482264
1.69640047863928 4.35887492971563
1.44054466350667 4.37961899389023
1.4647312218502 4.36917356855114
1.30931485512676 4.52349762503501
1.49594996352204 4.08332096645212
1.32540121562163 4.17654747774398
1.54219463345701 4.30808295642643
1.71731023694124 4.41640084423987
1.39566577342472 4.33772016803153
1.49223094664783 4.38477251137729
1.37629617856232 4.11108863459924
1.35268866500421 4.38176652342072
1.4421667290762 4.3690778222177
1.45559918228262 4.5903216670037
1.26437725776422 4.4421278259497
1.49720648799412 4.44935640353429
1.32380032094017 4.32351089300896
1.62054953270506 4.51755809731256
1.30619914021309 4.30682100926218
1.29389642402842 4.50191777567172
1.5889744352246 4.40748854425863
1.47792724910947 4.39613123461798
1.55368073015936 4.59288853885124
1.31364663121766 4.2749773633713
1.42228826011542 4.44816219836566
1.50672070839169 4.07094754136638
1.55790414552155 4.55205115048787
1.4170977965464 4.39035684220752
1.46045194319212 4.41287212591277
1.19063895828378 4.34127265571604
1.48660181150617 4.1464886330523
1.47044786478573 4.41505395004634
1.44107711891656 4.24740780535506
1.52177000500705 4.50450001653477
2.20497125954951 2.49491476902733
2.12738974186451 2.23826011256595
2.30338226331348 1.85490538639002
2.3635345113098 2.2845891428329
2.03454360803512 1.82704230989486
2.57453646261894 2.75646524510132
1.49833297626543 2.33889093434379
2.02686569177805 2.32050851689555
2.26092866968651 2.01895047857406
2.83249246996477 2.6379160386163
3.01231054350892 2.21104444985425
1.76746912282932 2.36915819316064
2.6338798860185 2.16699436364235
2.3422317658756 1.96548146960471
2.12614042625931 2.18464755187702
1.65477275346795 2.72502584618481
1.99882517291806 2.13058099238115
1.68793409507192 2.94015832325104
2.76658950421744 2.23898359163009
2.64544218500674 2.63878217303438
1.99599318628251 2.1249726492988
1.42615701889555 2.50708337717434
2.76742107899685 2.08176483508334
2.08595132021581 2.21622335077165
2.11336305397639 2.1910872802298
2.06937938425094 2.62717215486565
2.05052884207266 2.39519130152493
1.92498800212918 2.25465212081545
2.79468394823744 1.89946605849329
2.3476009711844 2.2825648319083
1.46822948930293 2.05827331502164
2.68083163107835 2.49373114679599
2.43813257894701 2.24814635511371
2.12900118849386 2.4627796648003
1.8759196331424 2.42050687428974
2.18853322494896 2.30312693791585
2.34797877498339 2.3756260453581
1.6108699162475 2.76158302566048
1.62296720929187 2.02909542188613
1.87224317467032 2.22925349365115
2.42217181724551 2.8604237068116
2.29208024873763 2.14990475892297
2.06570346620747 1.39158401168455
1.84639376157038 2.19649741234861
2.09963266733336 2.09196665550484
2.31973212041678 2.21156097014583
1.62995424559484 1.58901081676246
2.19469570876717 2.93074658766878
2.72291227613723 2.46124674505732
2.34145558778192 1.65378524777195
2.06848975677901 2.18986170513342
1.75692179052292 1.36503745734405
2.18264669056238 2.09120563798336
1.47093809567933 2.77841801991925
2.53033156880041 1.82887771246953
1.99955464861623 1.87186805718683
1.78222539336885 2.80812895304614
2.67892593749647 2.51225980226972
2.16910980335112 1.36405848519006
2.27426045564131 2.14401759767226
2.68605498161389 1.53034584860399
1.92579604064386 2.02004151806523
1.59421178189548 2.86942029706326
1.87890915109034 2.15404432054749
2.53101701488811 2.44567245858986
2.27844666996199 1.44861621363663
2.18102385082277 1.41073391069758
2.16870330742693 2.07635014647789
2.72206397170604 2.85755321699644
1.81215025927017 2.65209335068285
1.65743196796487 2.22418938483568
2.03082524606249 2.23032451839278
1.61398355966693 2.50240960460077
2.71755649374605 1.67863999315801
2.14858763633279 1.70148214554877
2.2679150278884 2.24720860141197
2.17120882979937 1.59386577571437
2.15267095535412 1.70058445639487
1.77069764947445 2.27942262014304
1.55488821051219 1.6043934976715
2.04224015918012 2.11894842575027
2.36046735511959 1.9609959228758
2.39237100199246 1.43282202885288
1.76963899112064 1.91597160882771
2.98862013861258 2.02264712407732
1.50551744717535 1.85810492925231
1.83030005713416 2.07728051322734
1.99743765046494 1.88705094684504
1.68305480908132 2.11463241867532
2.5506887129088 1.71640479547246
2.67448051381087 2.42859512298461
1.60809105792501 2.13716707648471
1.58518229710698 2.30466210449684
2.22527065470664 2.2151223968941
2.3514133989358 2.31330541806495
1.79006864729625 1.60205354823281
1.84389715788163 2.48328542634271
2.46039478729447 2.22879342228426
2.08372458849411 2.13301444821652
1.93575850837087 2.63240753086612
2.46435501064834 2.31933336488959
2.65094086975279 1.68307124858816
2.38861570492776 2.08860962186082
1.84861878318355 1.91090250248489
2.48605765712205 2.08273180601385
4.8200140297224 4.51986387525909
3.93312276813831 4.41573890659527
4.5509237596786 4.11247922160347
4.24354305955249 4.42689422550951
4.43523497201086 4.45290278294998
4.45294087539948 4.3025786104621
4.10523695915973 4.70369821789145
4.24535108135435 4.89331006855356
4.32733879431376 4.54041892095948
4.30359884458458 4.64657508124539
4.31725858737815 4.30237270808362
4.43276187885819 4.65161680327504
4.14595755892881 4.28765342789415
4.43588035659414 4.18093172936053
4.31018747369722 4.46175180562198
4.66226676559133 4.48545601485756
4.53604113349385 4.78059672815266
4.28624719566995 4.8339063150535
4.43188915806198 4.70530447281394
4.33651453523118 4.48122248461411
4.38752678966098 4.3632504262154
4.38800443648194 4.56165729661149
4.32356825044947 4.24201881558226
4.45767110215529 4.51593400743079
4.31519672201468 4.51394164338427
4.5731100056672 4.37952584851346
4.60662769800253 4.69868519723004
4.27766032582268 4.26955278944943
4.38778330273826 4.41798420375897
4.33775719700055 4.58140514560945
4.60483484693799 4.85084781111509
4.24205419388829 4.18916597246215
4.38435183738726 4.59477515302771
4.21075440342323 4.81820742957656
4.14252409374298 4.68755894733244
4.09328776063408 4.14683885654101
4.25893613979124 4.53823135171827
4.18240734326636 4.4703254127869
4.35881825706341 4.54102197828847
4.34584966322047 4.49904868470246
4.21288119495975 4.28120750837363
4.40484265405968 4.75328743654858
4.36807329857889 4.72996180437021
4.12690215208608 4.466896616429
4.7109447956737 4.46636263674758
4.75997619844465 4.26487003513802
4.52426342255601 4.67250718525954
4.75379821155347 4.34920151738452
4.21781332626137 4.36148260542228
4.57700706964927 4.3665699352452
4.35935657115163 4.64541235726534
4.5075083507634 4.11380262502228
3.93532231437816 4.6377390954169
4.74501810953964 4.67222331512322
7.74402955986748 2.35512462880488
7.56010704840334 2.66852823383449
7.48612696607225 2.14672955259141
7.27312064530207 2.24473358446298
7.55027985875971 2.15429495334593
7.16577113672654 2.2819230318309
7.3230560629973 1.85360970678132
7.59639809327267 1.85509658929226
7.45716713982719 1.88109165224852
7.50848702475523 2.60650714891662
7.66129217831953 1.75069893353929
7.62589923375804 2.26776255660769
7.6665402014 2.02585040301229
7.6444798108096 2.05165108561118
7.77249966614273 2.30858680547144
7.29821399410515 2.47356546479733
7.28321312729657 2.47606421223284
7.50114680594322 2.25840661962728
7.22449640463616 2.57913819599522
7.62637371386177 2.5073922061944
7.69587390467099 2.21814253016171
7.51985659969514 2.2202157656396
7.72212651685403 2.6970929969395
7.64532147141547 2.27034513720341
7.36664337835763 2.10231347012586
7.35664926266212 2.186961394778
7.31490809704909 2.10006062505293
7.53747024975768 2.25516650686968
7.65142198304472 2.04983789280532
7.69039336238935 2.31167807495577
7.25214047994805 2.70845635051184
7.57408934622021 2.26138382525685
7.73743672933809 2.5089589297991
7.52029554249877 2.81011958917418
7.45570548487867 2.34818305284173
7.60927797520372 2.23921858186899
7.72189471236284 2.41297136734162
7.72657405729544 2.34454176264224
7.67216401301385 2.41647487560715
7.62219537893119 2.2589614209583
7.2308266807094 1.92136730574139
7.20175301330495 2.54669945529405
7.14565060401513 1.96716015098292
7.36447236717167 2.62974948342225
7.77330270155682 1.7320302808558
7.5301948488482 2.2301476276274
7.72539673512661 2.29423201294169
7.29667143503906 2.11441205633406
7.55335516965298 2.28434137481011
7.5895680582604 2.33230364370235
7.71281666207728 2.73012351429025
7.62969148020388 2.23922924960645
7.68060424770425 2.20209178459325
7.53414948294952 2.20184006674006
7.45684364464002 2.4906676404474
7.66463757048153 2.23205866558566
7.65116004036536 2.38369245068603
7.51606875748457 2.43992189736552
7.47026041554319 2.04293409154847
7.6068509206339 2.20417279288618
7.62836603276239 2.48287174987528
7.58216917505202 2.2442033363029
7.45338834315448 2.29852713361835
7.38550238954498 2.12108147686426
7.5036350105344 1.96864709560417
7.70984070172316 1.8009506592287
7.13502899410835 2.09769847295804
7.62731856434716 2.19589697826132
0.0838866780014189 4.05742204348968
0.342011367789179 4.0135155850237
0.237172013602647 3.68620990239693
0.575403592495981 2.79943981619863
1.00309036962111 4.09281485428576
0.466045725627381 3.1477482990299
0.593131390970317 3.58341935174976
0.463494170584775 3.17255213905616
0.171653959039394 3.96306951311104
0.233892840717062 4.28798055384473
0.657292392903478 2.92391358076255
0.0499774037604616 3.57992203958369
0.546133596283594 3.72568601280731
0.316238290210496 3.5789049494661
0.202432096074738 3.34050240664754
1.03196249810155 3.2113940048461
0.740775599128791 3.49050384186281
0.772559678980654 3.36954046228695
0.726029348041501 4.37453873663986
0.522397434643824 3.71184387961364
0.0505249256128704 3.85547075833514
0.416432526188717 2.90472797828085
0.801731706351597 4.28371402286442
0.339356905871776 3.57105401478234
0.858724703924593 3.91300187604897
0.403667547644422 3.98155358258372
0.0512988642236202 3.72984640205723
0.09681007875826 4.13682981498584
0.63026091109126 4.14182834144889
0.661759571860649 2.84871789484441
1.15781750743396 3.52464516972333
0.666905213336934 3.81652528278041
0.45895618124806 3.38192520455329
0.12009752917393 3.48550526085197
0.859357729768238 3.29825489870608
0.760786988754382 3.05994574656787
0.134659967897669 3.48458161822744
0.838828434090078 3.75307809916149
0.355777051761849 4.06974756414993
0.428833748686089 3.24754568527593
0.000311684879920338 3.03714466613185
0.258579385026872 3.61196566635361
0.61110746512948 4.27256093450995
0.841601606704985 3.73527736956047
0.423444129074133 3.46943123331588
0.466072707086168 3.26878076315946
0.408957469246533 3.22303838729152
0.301229276624005 3.92550391833108
0.0595653137298547 4.2251511516709
0.318152518939189 3.71707403419824
0.336974725867429 3.59199279579411
0.319511320219186 3.36372175551103
0.425441809250222 3.61375100094163
0.398482168072868 3.44254874342381
0.467576843078005 3.21793434234059
0.347048346071355 4.19506312560511
0.312849643494965 3.73541573959872
0.20445764490792 3.89795665338704
0.25741133594995 4.28983978343288
0.345318389344972 3.65318532175498
0.522199452615644 3.72075762295325
0.515474326082578 3.40346884326447
0.453609950805586 2.82414999432197
0.297980220286008 3.24019718897033
0.364381087709475 3.63876812474223
0.617648716346687 4.13056856311385
0.163695287291703 3.23117273294385
0.464628916620593 2.75740301286741
0.380757736407894 2.97367083492919
0.235367158745578 3.68913874687566
0.180975279280741 3.58159353855442
0.720724307141507 4.00128278808258
0.965984470669464 4.09745180332029
0.715307576104398 3.88995678516284
0.168657627278567 3.52919414652909
0.979272737314013 3.79186654986097
0.586496976145141 3.90788449195481
0.1569301098827 3.62047938032927
0.0314351861112014 3.87091546447611
0.964104319509 3.79259914520313
0.261665500173277 4.10515877303553
0.934387915444783 3.85495621762509
0.611563503778699 3.65848840790263
0.563363521352969 3.57911622519617
0.186080832472344 3.94182650593554
0.86012364049229 3.19163658802484
0.446870427573741 3.03572427226312
0.305257866943002 3.48996928609665
0.283034836611703 3.80163670712274
0.882174921228815 3.47451697029175
0.60818600245183 3.84207515750413
0.120978043770025 4.35900078763915
0.0399711222029839 3.50159280681779
0.929540145587551 2.9830306821029
0.626908212799371 3.78213942943103
0.440432089950393 3.76103182409642
0.780564117955666 3.05057831524595
0.0651230358948801 3.50737962719095
0.722231687081331 3.17253229555788
0.54857352190074 3.29935077796762
0.086661683254275 3.65331560330462
0.704685058499135 4.22565842531504
0.397931091923161 3.01076013587194
0.31590554633362 4.08763663502229
0.191880772818505 3.51119655956746
6.33715333812041 1.72118199624784
6.25307910290834 1.60041216515559
6.30050550764668 1.72837525924129
6.38878905731786 1.65780317549402
6.23124276301252 1.76472507839379
6.29933163647853 1.77516273753077
6.26588620054068 1.80265268161289
6.42334760867409 1.84827979727882
6.14163759459297 1.73274047763893
6.43567048450498 1.85100061261303
6.3238046731187 1.88620637582915
6.32452568191916 1.81665063911939
6.37112504291639 1.90417091126595
6.31667848907744 1.74342353095074
6.20926518056726 1.78335796854104
6.35957287559511 1.86527659842648
6.20934630277899 1.67862465288195
6.3144474509191 1.76362869140357
6.14671540437538 1.700788020604
6.35454818440086 1.69192225289341
6.14495946598814 1.73511951507864
4.08139317002387 2.69287134599889
4.09095388576388 2.68087494531897
3.62172631374171 2.78179128289573
3.57892932887404 2.35211804301633
4.43771191375438 2.80578311075107
3.48070186744075 2.70286137870762
4.34996451813011 2.53003289606109
4.09590733937937 2.9884974789068
4.54330009022587 1.7745154772962
3.61608937960216 2.86831447034222
4.0762052470932 2.64928540193861
4.25829750607496 2.88421517283211
3.59226285045387 2.92380362552527
3.99560454421334 3.44208147209916
4.16202501188563 3.20091619905969
4.59099265031664 2.56151709836461
3.93698723571542 2.88053890543117
4.1265818299649 2.58750154720741
4.17186285236288 2.57446121339377
3.94395314637644 2.76133543552751
3.74860956415378 1.87344859222621
3.74756043060561 3.16040087507338
4.70227186749244 3.25269091784013
4.05838737390496 1.95091912118484
4.23191274405496 2.49434383808687
4.90227740711758 2.89327515537456
4.57600772082975 3.32170932354564
3.92332213440025 2.62107106294992
4.97199541702785 2.26695674303934
3.92278425469589 1.89441574010879
3.92405796907187 3.14339783078574
3.80635741448294 2.84034863916834
3.3430088400053 3.05912509734908
3.77593586262222 3.00395213658538
4.35066392015078 2.48850568109358
3.41957846947919 2.76403915634281
4.01325079753743 2.51016866207987
4.57878595770722 2.44590279135206
4.12527954653442 2.1601354309158
4.23083125646474 3.0115029347244
4.65875961254948 2.38982966814854
4.21814935379161 2.60320899388992
4.04789683299696 2.52337517920841
3.94118376236984 2.92937797487991
4.19348428396968 2.53940307086775
4.14367534103658 2.58769681549443
3.81092719083047 3.0632817963866
4.16126154300025 2.57494159002758
3.30359065896635 2.77913483139956
4.06131182955472 2.71492730867559
4.0073816781275 2.51606068340847
4.08394377602821 1.98851991333647
4.02155187587424 2.33906831750937
4.1232804915652 2.59851742088847
5.02034051645312 2.3920814517209
3.66968834835243 2.65728635460634
4.12117999955961 2.36217716211271
4.40449194819344 1.97769426727
3.90306677362182 2.42123781614102
4.28485872000121 2.33848066224064
3.60766665360818 1.86765596954056
3.7741290131905 1.86035741653187
4.27658007685567 2.97034036892938
3.28576866344635 2.93804536175534
4.51795878551217 3.35176020981282
4.90207274032726 2.76660944885148
4.16478393089813 2.61683088505186
4.7119367010673 2.1093988311657
4.37461602709355 2.29001340023379
3.87296603739517 2.73445559614332
4.22996811710222 2.30858388951467
3.28316643869405 2.83357173958062
3.71294574187749 2.24547641347022
4.11412696973702 2.68322109187922
4.19909013977229 2.34461767335473
3.98292847255541 2.64230889816534
4.1437938345712 2.58753799155407
3.52974007392615 2.54546242252753
3.31392088477385 2.73999887444442
3.91793560684803 2.66436055102387
4.30172894069027 2.3289445970132
4.15405006033019 2.54346821547709
4.66634260541245 2.3375885491047
3.68045116065815 3.05103715858251
4.11851197085746 2.59718773930257
4.23009144698621 2.43131705452969
4.48816856832114 2.24491352514811
3.80910603755481 2.58010653695187
3.43717818443264 2.64115280759923
4.14094493753294 3.16734888586819
4.27688978878448 2.85055584844612
4.50455846905126 3.35270787260194
3.31737498964881 2.67772818296196
4.15006160568736 2.48361890418816
3.89982122911234 2.51608414065697
3.69208395613568 3.39076530966862
4.28765153765159 2.54613824433538
3.68386844737366 2.66181832008016
3.75639583423563 2.662258971399
5.04933760210727 2.61911076036618
4.30634490468645 3.09882331607957
4.21020258129212 1.8566132030675
3.92869441067047 2.69426349496128
4.00945208036946 3.07287812698118
3.97035330857064 2.56477210467628
4.52506864190702 3.14260455391467
3.62632097970499 2.00083490913278
4.56852117948174 2.79206639430308
0.444218313749351 3.94620503197223
0.128093139482466 3.20314438931784
0.0558997038904462 3.42675472949144
0.0918106386340008 3.9114828333173
0.0290453983941127 3.37748909375475
0.0585109053787975 3.32833176703585
0.385122118925434 3.64578681146262
0.602573742022766 3.81129240561418
0.396555538995253 2.75467989867345
0.48493828882148 3.91508911991844
0.38110044294221 3.58809630651725
0.459297718058869 3.42028651669011
0.299511193152855 3.37069696705019
0.570548606173443 3.22881817375157
0.0864356369502206 3.36684236246895
0.0421577694171189 3.97895414949989
0.274529007924749 3.64990604649233
0.40420804590623 3.92653476324598
0.0148029033526877 3.37303889842968
0.0193135393429432 3.30128714633818
0.0349222519029956 3.38362297755766
0.0379084886126877 2.89674496231234
0.46657750756819 3.35293470924963
0.332462126997425 3.60008385523391
0.725777198757031 3.49872355612537
0.308727451201652 3.32743206314177
0.288321915942904 2.68906910107465
0.0914030283679113 3.22984682316593
0.0591156852640917 4.06180366395444
0.299032770125329 3.6098963565516
0.2489944664447 2.99051801166316
0.0744633097748004 3.4197833519082
0.0500139467455667 3.93750061571887
0.0475540740644296 3.74742407682065
0.110999645113067 3.60451199291434
0.201048244815958 3.26157844035491
0.299027334156361 3.41733439108199
0.104546524604371 3.6578096594572
0.266630979400375 3.76438080637061
0.571364945536307 3.27153030805256
0.38699623948695 3.04037202795705
0.0762540611443183 3.32347028140571
0.0177491021892001 3.29095309422732
0.165610993170643 3.05177719033969
0.469080010415889 3.19214288990698
0.348377861041335 3.09865586640161
0.176594474442117 3.07617725115291
0.000872098736771852 3.34923039371855
0.379791734957593 3.61681018774293
0.121575092360546 3.69907680007532
0.0580659495627106 3.37814668794775
0.446314042245435 3.44270292846407
0.312702626928425 3.33304198184666
0.0232998236518579 3.31063967823852
0.0276209942796982 2.9582649124106
0.0183840885658876 3.29555009054543
0.181332342844633 3.65052377299415
0.275094126145746 3.79786387953728
0.00146982522803998 3.56602428462505
0.330181789396149 3.97480829994516
0.231221875794558 2.91869857168106
0.0497229561358317 3.45409381430573
0.095214239461991 2.98944615953234
0.0145041107926023 3.36705215656073
0.0900945726397727 3.13367000069978
0.337169070008554 3.68141997636874
0.159234419366436 2.7068394194942
0.349326401180694 3.00475831973133
0.0314255492335554 3.62709922111631
0.185182670993491 2.68526296070495
0.0389062395209493 3.35395475318464
0.600163031288289 3.01840079325426
0.1533997053196 3.29034868628187
0.642568927508465 3.23958220504492
0.599182278984581 3.10112116865112
0.326807991190774 3.70605649694682
0.46788890511773 3.69772622017828
0.10730643474778 2.96774258040212
0.0924396411839323 3.2955028097347
0.596902385548645 3.76201305905985
0.1866842584934 3.14688264084044
0.0166213274737588 3.54367292455691
0.294991340057055 4.01643618437932
0.129217402288742 3.3995799550234
0.2223310797108 3.23978340601547
0.157042694737489 2.81513475586014
0.0143601327856335 3.37228065382862
0.169750694729866 3.72042673901595
0.737463609176972 3.56936637797434
5.63767172046463 1.16594540939152
6.181556152437 1.09721057785147
5.55523509209349 1.22517645267817
5.76626220149521 1.13499806857256
5.72602460304022 1.14273224795112
5.75761973222108 1.49782625345057
5.59766797809015 1.31387541159157
5.76463054519713 0.904818595079593
5.87027399168798 1.33388855224662
5.32810707407955 1.5677328125018
5.76546025830132 0.715814592712982
5.68474154404136 1.19651566783628
5.63947062739748 1.00783004246865
6.03120600040734 0.882470172647813
5.2296867696631 0.93426899498287
5.64118700516455 1.13458149907586
5.56643740665013 0.896489366787965
5.67497551322052 1.56097722175884
5.58206203830511 1.18552683743389
5.65721768618829 0.964046985784913
5.65751384472748 0.74691205652544
5.43662728367459 1.4724056582895
5.63896222090419 1.15361614019271
5.63366823345705 1.13221641194153
5.1579424022713 0.994110791625885
5.56135959615083 0.757348471269808
5.69938539044423 1.22851065131842
5.76615107224576 1.41620484319666
6.05899924176 0.852481066361858
5.67635959871057 1.22729481353153
5.61855080024881 1.25012469239473
5.56717129089459 1.06684466134874
5.56777686784018 1.21934064992015
6.05811191353088 0.894295423425594
5.71277561527968 1.17502326976049
6.19124840433243 1.34930155168336
5.63724090336444 1.13660689265081
5.68301981450775 1.19593335656923
5.38122829049459 1.26799001105749
5.22447603214782 1.00114647464204
5.14288838439914 1.03531010407925
5.6168441096692 1.57578967235843
5.6825920351638 1.17394334100931
5.88620418312561 0.950526106144747
5.56965634806065 1.58451329438345
5.72467797305117 0.846265626351183
5.97746287137962 1.0084454038039
5.97563253884558 1.23991974727593
5.72215133714996 1.18145796766799
5.62558549211398 1.38034398493365
6.07621980734672 1.42538923656347
5.88671772753493 1.14226136768215
5.78741091767758 0.753370142318637
5.70281634181606 1.13438946875953
5.68174719228371 1.16493531551745
5.86936592211511 1.24741610958013
5.53079712970485 1.37962273225106
5.44282167360338 1.00569805054682
6.09602223601626 0.859844776420283
5.76649963841684 1.27630615761659
5.60629680844525 1.36837276244073
5.47310342786796 1.08656182851311
5.48224568697036 1.4115658767633
5.69809139825239 1.17657495572988
5.95191453977566 1.13243772406641
5.79808666249102 1.20757971926102
5.65831051824947 1.2523027004919
5.43294545842971 0.821653690600284
5.98455193551954 0.801383733242483
5.81137729043892 1.04613116921021
5.95637692279538 1.48396822704913
5.52097464001851 1.1522515625563
5.54523995420294 0.956231234214338
1.7145761719455 3.96499600219624
0.173122592301489 4.83973481906819
5.29157796520954 1.00418214989648
0.207141015402694 7.45739512490956
0.865679226875405 5.59529843407588
2.43014894869846 5.35331822228473
0.65142084543836 2.28530097371032
5.17529661533014 6.5751123618644
0.962032699000098 3.95588428243
0.177231414341886 6.03683222958002
1.57496874648793 1.17045396884111
5.93793429546912 7.30165547055353
4.22817966568654 0.555247747891405
0.0859168069864113 6.0420096051129
1.33682674238243 3.86068068783125
6.73838818328975 2.80261497669197
4.85590640682963 7.50788629460279
2.26923985718778 4.26702685621421
0.661671651893558 2.8500231778329
6.61947419859378 7.1739620992554
2.00803618739906 2.0219850582142
0.460389905320446 7.32098517539994
2.72775040847451 1.43642357232653
5.85987384766705 4.79780746176876
5.27819668662813 2.19513435792773
5.08204538033383 7.71939569855276
1.38220727611391 7.01781599124615
1.31031865856728 0.544122203104398
5.80067659014997 0.645082005170812
0.611555153381647 4.73633021731813
0.918265342910067 1.93874629371265
6.12056838252713 4.778613422467
6.63052513420899 7.40114885542934
0.497411815455098 0.91714943425842
0.016061116522535 0.908269759115929
5.91344070997084 5.88562440459005
5.11002496725907 0.776884198509335
4.02879604218095 7.32659857169658
0.71006406352066 6.39056400349204
4.57390506207902 2.79175609336001
2.46898878364721 3.0617242286405
0.763812918484763 6.91530726787755
6.55225019092027 6.79260736815984
1.42040770057806 5.61170529900633
6.19756763603552 1.72511765408338
6.2399651494871 0.016589646722746
2.23846802445125 1.88314398127565
6.25569675634534 0.0692898936864149
3.67503155910992 3.45539136627629
0.690460041190949 3.10021643646802
0.939011756871431 4.94272441340863
4.78174634524622 4.36992692751221
4.05530853137974 6.97003585916663
2.60937073129369 0.605323077604572
2.98901994906519 1.75733497029355
7.60767302300659 7.18372747008078
3.84479182651465 5.59341394344449
2.26734143367092 5.63015599769242
1.17493337522789 6.97887599807243
5.99997811496959 7.611532649472
5.98074115485127 2.65932139987162
2.49319668164576 6.064558345862
2.44191949305168 5.8968510632481
3.6471563801388 3.22688098598342
2.29480232558685 3.95950614849454
3.65156701258666 5.02828758066722
5.70010396230109 1.47368862561099
1.85274433648858 5.29987925366144
6.05359276681713 4.16750087439541
2.85999873649781 7.35582921517649
4.18323663686614 0.815084622973491
2.62268534994114 4.44023266574197
1.89105951449965 6.82985256282917
3.94541270363095 4.41866896442962
7.38941743102758 0.62554075865292
6.66797140188138 4.46977044446034
5.22902813472956 0.852542275141801
4.8930901650396 6.05330524042267
2.44952773176287 6.49080288280707
1.92800743446052 5.93207235155449
3.32287947902783 7.15610462873313
6.08413563544057 6.80312868399351
5.87938284112974 2.57938544233937
1.48362350777969 2.37110320090365
3.7406696069559 4.74107706343234
7.35017811429814 4.78104738425533
4.11887726157462 6.41776378321595
3.42829601260585 5.16565653187778
0.0366360499304744 5.82657889932664
4.17349883136236 3.38568181364536
1.95143835961715 7.00210229913204
3.61107843837869 1.66926156693393
5.06514963003601 6.95541145154918
7.57287432936051 4.84756168715929
4.35421334399424 3.57305397948877
2.85035152189857 7.33640476743291
2.23949343993488 4.70154126836617
4.03294973614865 4.80074689155587
2.50456387095577 3.59317154937049
6.33446470803508 7.08528895558313
5.34622905504948 1.5743095027273
0.677999357473712 2.64834036759524
1.04897752777763 1.88692401762605
0.350893182885713 6.58487923493646
5.1978611459588 7.50104851658467
6.01666919049219 4.39656371585908
2.31730405144472 6.31594050423801
3.98063399193734 4.09439206331865
3.54502619035443 4.41487406850664
1.7379790539575 6.69758627300341
2.78012599640171 4.40967670404325
5.79050474033226 0.167615627467137
1.89072554153377 0.0137733468652288
2.54155394432044 7.1909508766313
2.3848140470673 6.40116400447283
2.66109266092201 4.21707938398284
7.26572907471441 4.86182475920208
5.81306764201874 0.377128856889847
6.32410294165833 0.962738070783447
0.620284039156295 3.17822561240996
6.60451826866346 0.987995094424053
7.42331542462334 4.62677971083242
5.32999967241943 6.22740268946234
5.01910071598819 3.69716781911972
0.720907276428829 7.71217255625286
1.25572070120144 5.86330468587198
1.85519249541299 7.41049331845453
4.30516295918141 0.936552351006225
3.55741964581789 0.510383730006574
0.757614826061474 1.03520418091241
7.11898495672846 0.933557189677263
4.20006518786916 6.57031202490882
4.83995585566266 1.79958980650935
4.90444952456753 5.22909417566548
0.502872862219277 3.6035051350475
5.54390400508317 2.58228811957099
3.79459002935035 6.33336832497039
0.0930680043399445 1.79213090197766
4.75997616284277 1.16372502949984
2.61123083847056 3.43693773549428
2.76828751429989 6.61800100862357
6.47004360020247 2.44625637423729
5.1454433032714 4.57140285847289
2.36188688856985 7.62885063968273
0.556661800020669 4.87651529101251
4.59332409449481 5.81371921165175
0.205123244721973 7.35869474166674
3.83285553910435 5.6709610789862
4.56154478997774 0.853003399714525
7.56043873859262 3.53040986591007
1.32295316489481 7.56362142374556
3.19429495690045 4.89101702480418
2.16826855116969 6.4470474650533
2.06871465652163 3.29543905386545
7.31742531411458 2.51303205720376
3.95019107158631 2.39369461631805
5.67276777495886 5.09429197399004
6.04053155003537 0.500983948104888
2.23712847289764 1.75380881363187
1.42486872163742 0.268552997189771
7.21131780136235 5.04921376830765
4.67243237564481 3.39997245462962
6.78379592397554 7.50379967685427
2.37716487484901 4.20951017110646
2.50051278586604 2.19572180877659
5.00420099542277 3.90697276312824
1.37690117433007 6.85443585598334
2.11398457059948 2.97828097397718
3.42370605172312 1.57902657539829
0.277987823067597 6.47201072164095
2.50268820195126 6.84006271812725
0.31142532556815 5.81724462623977
0.926324219426199 2.19962947817676
0.140951436692889 2.88444615415478
1.31816319163137 3.33187159099946
3.43383260608856 2.80773597634587
7.20174956149996 7.29188574140285
4.09270694797057 4.04735428001001
2.89118904810075 7.56793738569368
5.88083598425149 2.43808375773827
4.06988259020429 5.63281936883802
0.794926267999408 5.12170350533799
5.28244594520384 0.0432183084580709
1.01679344198798 6.59194680239837
2.98030740339056 3.06225057605819
4.85089277980461 0.658101897499353
1.47582099056427 2.72647288341932
5.53947967866137 0.371255083235103
4.7377884427395 6.6288026328279
2.47364823520342 4.58416644579878
7.36284824016138 7.26633360411708
2.89134697947509 6.94225607828943
6.53550408611089 2.19646501907689
4.47883808505113 1.85863031635008
2.76172890801277 5.84024517401232
0.0870919258764344 3.6293835494523
3.47180547456965 5.61351894875218
2.40212813143666 4.64348371653608
6.04513645012784 2.96333670365301
0.534798681035925 0.883105910968128
1.18283603618877 1.32261951771737
7.67775363418707 6.02952749899603
6.2545936946177 2.77573070858921
1.3319149857816 4.47527667808064
1.75240606274148 3.72145186473547
7.08318072069337 4.0360012986957
5.09428915049026 1.29666953845271
2.84885040099974 4.57716386951006
2.74147238936294 1.62628507313283
6.35981430264995 3.08598092612695
3.33799510682979 6.93177800906076
3.8302178943856 4.9136771128011
2.97515865018176 1.22150923035232
4.95991130635256 3.63591692523495
0.324344751982654 0.895995962125285
2.09973351653011 1.77445173908648
6.09400395179197 1.59054232423529
3.40133040961001 6.04022872244401
7.36219485335286 4.63543436390191
0.687662383671736 3.75977337752168
0.864550033295297 0.00356140697049075
0.106224253608597 6.81389192670016
6.5306793367418 3.82470551060359
6.30870928238489 2.17513593611694
2.76466854775243 5.59857914534946
1.90201132717315 4.41885137699502
4.37713728442591 5.22243263833183
5.31872568756119 2.02467291055087
5.26601650675462 2.76407652138597
3.05436884881428 5.03308446426538
5.5894342856595 5.4696129439695
4.15093192609799 0.856410100616194
1.62171834820535 5.30872898160688
5.71561223032657 3.50374682625497
5.66895401226555 4.58223656197858
4.98858389958005 5.87965290888388
0.938622689461091 2.60004092512827
2.22143089283165 3.3344336998593
6.82555375545216 4.78994085110829
6.15661265948215 6.92406802300102
2.68641483139028 2.78477537023562
0.871248377482519 2.49938049005605
6.76759951837499 5.45449702295795
5.17092933808342 0.871571313460145
4.04543152009696 1.37665749905914
0.774212215689391 4.59811833196689
1.58106551508763 3.42819280282921
5.94395397528503 3.16855197274865
3.62624436429536 7.02342903641525
5.1921735784948 1.22195035513492
5.88270816369987 2.80496245612992
4.27979680727424 5.9560468691967
0.609995245769415 3.79597330171212
3.48022868753393 1.77709635929764
3.00100174550018 1.98429198770189
2.97273403852156 0.476075655646327
4.38107874532667 3.90391570923611
2.3466696328751 2.80465891542388
4.59836456648698 1.65155143604194
1.86242546566405 3.94083620867026
0.137799643523459 4.84404091686643
7.23193018958086 4.29229651320641
3.80802434628919 0.390465567613153
4.29858739379625 5.28404477005473
4.42970183326609 6.82649380350585
7.4818042189868 7.57573960245976
7.37138215603634 4.93466230434723
1.04135985930115 7.65506725868321
6.27859344638424 2.68881639170867
1.88938524428663 2.97162621666287
1.97426833542402 3.39383297878578
5.64418445138282 2.06113953239507
6.17753834396044 0.298136560043064
0.217039586640221 5.45076468927437
1.08152316995411 3.13929505986116
6.34380228968452 1.97469292825341
5.1610035707512 1.25133736982454
1.08415071161146 1.03866724683344
3.34664714997191 7.76111517749068
2.14802252290751 0.219529678156262
7.27100079133872 5.96979880090204
5.12100940945441 3.94812282541718
2.27610265213794 3.17060931948465
0.878308383032838 7.22003132440229
2.86255584993496 2.46521725761474
4.29968035246249 1.90954817477831
7.53578107517816 6.66441413242403
1.96656787324624 4.51758154816053
6.97347134890646 5.1707906571858
5.88837305266882 3.50988778624613
0.173425980972932 6.62143758794473
4.20252160010062 1.29040677340493
0.482691513821329 5.50711129073338
2.41473603170856 6.1200447862118
3.85051159273577 0.00269261246770976
4.3084201087113 6.29109315231641
0.540793868801165 1.66985556613037
3.47424030874701 3.77808441794483
6.04643845275422 1.69606162596563
7.55865176367997 3.00692902447579
