1.62588895439703 1.71580420006509
1.69144769136131 0.378888186581277
1.47526121868072 0.740310852316036
0.192752651639508 0.624154189685612
1.00596327291823 0.90904607615646
0.838884865827637 1.79744755680249
0.600255342892868 0.184999099592988
0.960557518484539 0.438175927519358
0.806944273307139 1.59593998150307
0.766771794702365 0.933840114141769
1.63602538000401 0.265979603298211
0.292141062819512 1.49651144950681
1.66331943097371 1.30215452777688
1.60563040973231 1.23041313342813
1.52158026035056 1.73010491488855
0.856210787852843 0.705219436195163
1.62894763718757 1.24977563081725
0.264700882721545 1.61416598959087
0.964178210850208 1.20593321051743
0.125278194622671 0.661358188960138
0.551560309586529 0.177520710804761
1.0645855206417 0.910367810328017
0.111774025480413 1.23526728696077
1.75003856846805 0.506460138074866
0.968454890416283 0.197604586042885
1.91349555800326 0.747778626494462
1.3473894242183 1.85636255463821
1.04835247497844 0.564112566878486
0.631325286476981 0.996606239038539
1.17723558518324 0.401914351512873
1.03528999648281 1.38500225026685
0.384748897993234 0.240535191401046
0.797720990226499 1.36502137512569
0.623991275730276 0.720573992882186
0.168952850275821 1.36102758466173
1.49039475592855 1.12522737576876
1.40878810781141 0.294969789924802
0.242007473710271 1.64149240084699
1.51913437651648 1.3477670036531
0.885833836183266 1.45901877308417
0.642826480263413 0.647654882115728
0.681438271764281 0.363636832022381
1.50987885524243 0.279094334593133
1.39634198677482 0.77854466680715
0.837631033724215 0.587024613388871
0.674573073962957 1.1886140570945
1.00558981401124 1.41187065555733
0.555292105054123 0.431390361185276
1.08345109977135 1.94185477172657
0.777914731311835 0.514911168007619
1.03864834328615 1.82850343319628
0.336436145590517 1.69458547679533
0.338593200682276 0.486680646337178
1.66562152375511 1.28537444007159
0.136275866235748 1.18841028006363
1.27152407597524 1.19312512500667
1.43350585950729 0.380167690180476
1.09459261553891 0.0126882678719333
0.637457082400071 1.0613040021199
1.57968089135918 1.4634928634366
0.979247159014339 1.62861347797763
0.520408523108384 0.911378584185889
0.217504354626315 1.53480286768694
1.81372112850677 1.04262204527151
1.9239966825631 1.11561346778301
1.00036528933487 0.552915684493295
0.983470545593707 0.937620624425826
1.96069673008081 0.885688590765897
1.63404289878094 0.407247286893387
1.31216883800807 0.77735806107734
0.863844503629957 0.386912635047825
0.94200189106072 0.0484231931068292
1.45008036669892 1.32063164684051
0.773924458878185 1.79032306396013
0.32928944185513 1.45910719473517
1.30322162653941 1.09378822144287
1.08268215243493 0.647897295374801
1.90468634521968 1.16893220418211
1.19804339807836 1.30705444260623
0.164810391034536 0.904152308318331
0.77677434603485 0.407822701563365
0.226589306444389 0.977253213018685
1.92952483316917 1.18573062864718
0.249663915934011 1.52911857153312
0.234135856837138 0.507406084483304
1.67572312263025 1.51319786814811
1.09958880674624 1.97488944900538
1.47548557820369 0.203287121624049
0.558458934072234 0.347879820673683
1.20176222821973 1.24185877818498
0.542023861101948 0.649477597692935
0.964278064159784 1.59824986424163
1.34033570658872 0.269546675869537
0.350108879054892 1.39446551749524
1.36168498821922 0.942210852891371
1.14684390110896 0.148361639271846
1.04102266094725 1.43930209352986
0.461881954920356 1.15856982857241
1.28957316662212 0.759630620744068
1.32110845132629 0.688724187828857
5.55118891972992 0.615860821387511
5.65344317099745 1.38507414476223
4.4641369432798 0.798458290731137
5.60944297245093 0.325492618576729
4.8850268557878 1.3941115198096
5.26277075470271 1.68524629243928
5.64685182113068 0.976243424751342
5.47923925375613 1.36103816741278
5.2412693449562 1.29544831108244
5.11309272573126 0.392375643049473
4.09594839443877 1.08353234186467
5.45702862478063 0.502066717958764
5.56548497914202 1.19171145484046
4.80309249407818 1.01887174562734
4.27875322342923 0.97308958881076
5.70490888424108 0.870588183788853
4.95583381276054 0.0318097973306554
5.12983824069931 1.36842991764798
5.01114406051121 1.82710200270282
5.22471775834354 0.335825377019358
5.1550987749497 0.249840262425562
4.81633920396924 1.87892533689626
5.45682774562489 0.827163159443724
5.01528939522301 0.0966919469378489
5.2573836686364 1.16771023776655
5.39790043747226 1.76544726707706
4.54338148862552 1.5357020026745
4.9381752514164 0.726103557855309
4.31337005888899 0.604425773087276
4.55674474103552 0.934787051870896
5.50179316561906 0.241042426227281
4.62312227508309 1.79512152941237
5.2670267036433 1.77895715450374
5.0665413511264 0.775530053680701
5.16513663633947 1.96067115838511
5.51485770161539 1.43784848047271
4.70251245599475 1.44627614859019
4.23154421019858 0.445007645985154
4.75952465059875 0.935832075671062
4.10175945900816 0.918628593325812
4.35025184791105 0.503591834120479
5.60657325975095 0.791118994085475
4.72681328663259 1.39017663989471
5.28898363752911 1.40466797927951
5.05425112200708 1.33806863550642
4.28635591676233 0.667391801829396
5.41145167091992 1.6571940575686
4.41902080559811 0.214443535310602
4.92687156368233 1.70935360031966
4.60137885526874 0.675257289657811
4.21817112362317 1.29431734532502
4.686351968363 0.791728156136816
5.84142374639506 0.90555373227728
4.77825005879516 1.15971393453027
5.7170419879195 0.450475508590149
4.29780992692162 0.832165656533692
5.63697314405867 1.55141307129817
4.6574383799089 0.761183853874714
5.6974026715108 0.349990313035302
4.1165477509962 1.43598506796725
4.26978339317698 0.875975305193153
5.15685379371384 0.715272398415843
4.4863083614694 1.47787853486497
4.75537630752099 1.82615911518247
4.48427054936811 0.384422295247399
4.87753389474699 0.865935285491282
4.52149105330912 1.14508999367407
4.3451340743942 1.69072749433535
5.79888580829231 1.40895781368516
4.28302432750683 1.34095334910163
5.12753807689568 0.754330307231276
4.61996248252957 1.51392687598843
4.8075922756272 0.89439037339253
4.32883441638915 0.973186307049701
5.68842043092978 1.01861054246553
5.53434702740588 1.26821626225437
5.69643551800817 1.39141806664099
4.92628700914559 0.0573091674426609
5.47074244999184 0.48422744921417
5.04836852182557 0.301699574225726
4.28633536681257 1.38595503922768
4.53935661567286 1.19703663582359
5.286403786093 1.64987809946137
5.84550306270401 1.3855693639068
4.55888303388254 1.70452606751645
5.22267837309589 1.15982808632523
4.11477233631725 1.1144833115298
5.41335002308067 1.5284870595542
5.21124833234334 1.61397359397376
4.43085830462728 0.906997865803016
5.91543142600262 0.918639947795967
4.96962478744794 0.595254540647088
4.52697341449098 0.774234267774778
5.86109807964412 0.729031200351969
4.31170298856506 0.946083769267387
5.74461256859535 1.18230023187458
5.93165133346772 1.2672362180981
5.10389170672781 1.39640719909769
4.79956126996521 0.754749662352657
5.04364920492587 1.27132949186101
4.59097179035165 3.26392133210784
3.85292429446355 4.18933365144247
1.5848851345225 4.87586913822118
3.7684555267126 2.72348799710417
1.92855736564338 3.5053873933474
2.56204731852041 2.2020394275829
4.2716507936001 3.15322636623143
1.48199287396696 3.42526413615163
3.91288139450933 2.96373637103703
2.18956856017151 1.73782092242646
2.04871663828595 3.13579848038072
1.89798276714828 4.95910875022868
2.17927664776904 2.29277309091676
4.44267436401627 3.74562563798245
1.31512476627207 2.43118940582184
3.2263446201677 2.88400556301149
3.43888597628744 4.73232735107675
2.29668074878988 4.40092955274546
2.85683922780298 2.16858002758183
3.37204423054673 1.99800603356132
1.69846534236109 4.45045351848528
2.59043354106282 4.3198633026635
3.28664754537169 1.95212151224873
1.89590279785856 2.34827703551824
1.53868145099408 4.09300281486656
3.01733765669526 4.68056199022835
2.01510670608861 4.00409886572243
1.31204873751112 3.22240945503396
2.74098234203874 4.42951506925
2.01024959769485 1.89071334879097
4.13933059637351 3.23365677881262
2.53167572008693 2.10379226953706
1.46541860564734 3.67547357009158
3.00741119928276 4.89458739544547
3.7128478711161 3.83264932682099
3.78382647153295 2.29468025104883
2.34668459724465 3.54090063021021
1.1230010488007 3.31729522463844
3.64656773339876 3.17038834444156
3.42781148785575 3.70830880425258
3.96902396819444 2.61581755929847
4.54550323926785 4.66016444469374
2.82311380958003 2.15053097163544
2.16598424203101 1.78163092214859
4.42110186979759 2.76923182228923
4.31781983374778 3.90475183527163
3.17007955135193 1.54729990807554
2.61379410243352 3.16945078178573
4.76003681691026 3.12252307868478
2.98296038873407 2.6159454031375
2.62746966721641 4.02822904223947
1.985524817786 3.20307640898779
3.41831119825744 1.78064902024256
3.85466744252932 2.74469502568452
3.52138715774642 1.95611676234512
3.22592058159716 2.68210680339967
3.7698594618616 4.80841834866362
4.47417262266763 3.26119524413573
3.18402606177542 5.17754992366197
3.0952392750342 3.08065180548804
4.07396405049646 2.90106247878447
1.84033485316612 2.78840032243474
3.92799585907089 4.22824880256018
2.82614866221682 1.98348506829453
1.65378421307869 3.4264193183391
3.62099820004918 3.10562695170061
1.62078232992206 4.7711250113216
2.64681055903879 1.7434991473659
4.28528673401664 2.17180308263838
3.99505400089137 5.17163072491494
1.85250814441906 3.08689862281585
3.95024797788321 3.97561236759965
3.91539316156823 1.81943429170886
2.67597937837405 4.20671851826679
3.42371195816649 3.31913190675228
3.43809128771262 2.61777389121765
4.67526540121009 3.62092468021556
2.91606135746755 5.43744682876188
2.4117085206043 3.35077586038199
3.66786492769007 4.58833862365996
4.14428404006333 3.61488405213554
3.4182938285338 2.35810243148768
2.69197055104085 1.86097303877807
3.23300500214224 2.46207388801024
3.67171064063882 2.85049633376942
2.45272005554671 2.31938563823832
1.40127090062854 2.63147849210557
1.50939805063271 3.57218675484759
2.73737786009696 4.51399793475446
2.30814029769821 2.81834378847451
4.44443217078226 3.89157844622164
1.95100595390808 2.61741477872425
1.84348093997217 2.27205255566116
4.23830222808754 4.53769621212279
1.95121733797449 2.09661163649796
3.09996223915493 5.23309742307138
2.1326465539718 1.98024094443489
3.89670252658749 3.20721861276557
1.40145825497424 2.86341079298238
2.26878467821162 3.11232169784206
3.36608661051471 3.72782304162124
2.65703580265745 5.15075585115524
2.10235865758745 4.40667078120651
2.47380731464771 2.73379576857043
3.32043024985535 5.10447077160098
2.62009865266743 2.56656400636139
1.09400553579606 3.82501417278178
2.0083564067923 4.37565478398567
2.81369295981738 2.29012984809237
2.93951851358528 3.12208452659228
2.35877819890282 3.24435761677582
2.45096957707997 2.95680307361701
4.84801284344514 3.06210955007923
2.84672818607732 1.63981077903375
3.6468563981304 2.64836196771078
4.49658050233834 3.47525422906846
2.75929343859512 2.13681018021851
4.41448028394079 4.8708194523447
2.58962065032193 5.28109856193022
3.78240595013333 3.9149614596693
4.85202887692591 3.92722702616697
1.14034346603035 4.04001785680056
3.11166980884286 3.50527479869148
2.32740361169977 5.02864404733199
2.11856201713171 4.57367904799501
2.09770676103799 3.50628470641691
4.46995437753585 3.52785036257375
1.48747475854839 2.17948524198445
2.31318841052943 3.77589116552949
3.21346209881929 2.09949721288401
2.30361846452733 1.80095873130904
1.89664503549943 5.0690758884751
2.76843616113271 2.79209351964537
2.75382631169191 3.43922701467923
3.50262932294699 2.32632805016457
3.91031787477297 5.0769368489401
2.81928605570313 4.89255617818794
4.59930527634901 3.37517231432059
2.14527146599649 2.06613894320279
4.69826511375386 4.44663542224168
2.8108359951712 3.36077511600045
1.81734182490311 3.60566237656847
3.31694874823205 1.70672429870748
2.19767807373664 3.1861826553311
3.41232644520056 2.8393909352769
2.30137683081581 3.17356001272366
4.30009379698266 4.3213365025904
2.05408441165739 3.36286573935154
1.69805094012583 2.89806023101231
2.99618442934707 5.39274061472604
1.90917359197621 3.54985534544619
4.65543089462184 2.39650915849618
2.19898924295265 4.84204381307074
4.27934505041969 2.90042811971792
1.12620293676481 2.85464132887604
2.2390379993129 5.03406412775429
4.68114308948385 4.11453633943623
4.31341224249994 2.47615060537128
2.02208439489948 5.19856747735581
3.91473285964849 5.12638159308734
1.9615948802289 2.94945126577048
3.76994284542925 4.91728291577572
3.14218071785266 3.18095775526384
3.15031349879263 1.84162709564542
4.7491206263592 3.47856649992827
3.70747725860024 3.83104268631853
2.31108135632634 3.83777891899333
1.95440546385257 3.63068197387147
4.14179306874926 4.3244868600493
3.75063113198695 3.5631232483963
3.33160821598646 3.07956232122821
1.72301373380999 2.10096261234465
3.74450265439355 1.83536777230487
3.9137876841985 3.99962870971081
2.53157149165959 1.69002405658864
4.1947191370883 2.53187794740281
2.40424395320038 4.48704993930357
2.51603717933525 4.07458142163492
3.67419117152615 4.15422689469209
3.67562900387507 4.34634879546234
3.71348054754615 2.70797527074905
1.23347937228627 3.60540004750069
3.63650828763249 2.96709539121751
1.97979441408933 5.07032490169945
2.17933114475374 4.80384935920493
1.37288204800273 2.6670036274923
3.32065709635558 3.40355470566014
4.388767932695 3.7903220905586
2.69819782876847 2.41058622591143
3.18732554697913 3.2314810292053
4.29636294364896 2.95768536012884
3.76710270605536 3.2404018432776
3.97244528894299 2.43329822787379
3.24077324558769 2.99051874896142
3.33004069020614 2.37617292502066
4.06409931873597 4.99641714197074
1.88381793300427 4.7301199102537
2.77886107064578 4.98835497993696
1.37334299587211 2.60725071573648
4.60305058078657 3.23822649134727
2.17780933746448 3.66584966851871
3.56751940731392 3.25159860293556
2.93461832706535 4.00356430607588
2.11884855118606 2.79118249387516
2.28330612442078 5.16056441214154
1.28480196706949 4.0678824907607
2.50325621070338 3.9620837231018
2.16081915822548 4.38077638719538
2.54297807118802 4.51378241126012
4.07751959207218 2.82480270707918
2.45372692479749 4.34703857197813
3.1861600102216 3.6148161752072
1.36717181451059 3.84300520189735
2.02294664263384 3.74319549932058
3.03089555250775 2.13230832724079
4.68665067139986 2.69119388025307
2.60373732234399 4.27267091272027
1.37964640808616 2.81551250787359
1.20414446420354 2.98762747583933
4.37839674251999 2.32999973660243
4.15465880421744 2.60564373830686
3.08499838753427 1.51765601768392
3.81851927878101 2.6658831998961
2.01795189142832 3.49327955700125
1.94935310592483 5.02722187067516
2.82696487286391 4.44797535620072
4.38558358040803 2.81503196309221
2.64160131218114 4.26433417004902
4.73942861927291 4.29411892294052
1.95625248781343 2.37889300602417
2.13331141746392 2.66941448475047
1.23943856606794 2.84744495322522
4.32364627129334 2.69578789433198
2.17057581633713 3.44278056218494
1.56329779881071 2.86277435417038
3.75503428741299 2.35089923658242
2.3650617184477 3.72827900686845
1.18943109303439 3.53025627908679
2.20411704812898 3.40120091271635
3.48119155035048 4.02638939315248
3.2463204523311 4.35680762197615
4.59650763073125 2.50559991708147
3.83234582600075 4.89088134273738
4.55504609122836 2.73554635168675
3.91401194490456 2.66525876642691
2.43007813062831 2.00610585581707
3.10756129926355 4.59681946001384
3.64621523365519 4.80303074210541
4.83542057813805 3.04081460994885
4.05698253155575 3.68418322683012
3.50142276326437 2.44367675254166
2.25132780610611 1.91796911626126
4.75426653384301 3.93747497936956
3.68696552299536 1.79789407672987
4.18450578219784 4.22730374742764
2.18322595158601 1.7381432193987
3.35958181263044 2.10933795572538
2.19232523610778 4.44516778733873
1.49280134756237 4.15350147877061
2.72421476508448 2.53640014740326
2.0184684389687 2.01358587043183
2.79984445412329 4.32359047685293
3.83180783242082 2.97732953573771
3.13714113710799 4.12407603341923
4.80354246774946 2.74740172859799
3.98288715885279 2.22466561467254
4.28695914828299 4.77843231094758
2.26148498139219 5.1934104191074
2.18209339544118 3.2749555343452
3.52950782482143 2.42396401747908
3.47038962570897 2.96246852546145
2.24227362365367 2.47260775975159
2.33711740100491 1.82785297222742
3.74760656595161 1.90971138925959
4.71561472746133 3.06967258376191
3.7636987645713 4.18904923911386
3.73059257974846 5.09512420508827
2.68989705433578 3.1074487984798
4.35380414203913 3.78245638667151
3.78694203060287 1.84556497864588
1.69858720274175 2.41486073385155
3.53723557783667 2.90792039514277
2.70278534504925 3.1063208299293
3.42227279622417 1.56591292695281
3.61122525120105 4.70061762986128
3.68060056632206 2.71648611361879
3.77894187996948 2.54376003832327
2.03563725857743 4.56790251382644
4.37513659978051 4.76696319624954
2.26145772364815 3.43644582391408
1.83387027840005 4.1953095382579
3.4794435350175 4.12016910114673
3.6547227001019 2.08955269949864
1.92799682507701 3.86846215023004
3.25382859371526 4.44855762249729
3.26318046232849 3.08822976589708
2.84985915416262 3.65978327707737
2.90956812775813 2.64143234641541
3.03557123800634 4.87312695674602
2.99626909904724 1.8708038514752
4.87070528640223 3.3975730141738
1.72371000185272 2.89431806598429
4.55298440044024 2.43963824556283
1.4392123400432 4.38173965301715
2.42370992089005 3.71686975776208
3.68616868229736 3.16786359378872
4.63945943159938 3.2315795835772
2.40997637632419 3.8992037601632
1.39749135167462 2.95356682683906
2.76707451879958 3.89584138798291
1.9667486957888 2.59286842761103
2.82584676158662 1.55522129855896
1.7511048775537 2.16031186581904
4.49804042868512 2.39536916597216
2.40197262049052 2.82025088078488
2.5964217607323 4.99162564690488
4.12104998577464 4.95690544261892
3.91661961788234 4.60396851370534
4.35530712518038 2.5653194091381
2.90320922219628 5.41662258799865
3.81126844870779 4.81839029336011
3.52344569278143 3.05257065080676
2.25266247937783 4.97134485468356
4.45693567762384 4.20712846669649
1.84829679649352 2.43141704131659
1.94351827930373 2.44473985160257
3.81905542037658 4.90874828025007
4.45103115205393 3.67675687243492
4.02278342784578 4.70791398005705
3.38719750182689 2.99588246660488
4.46987831588933 3.12530866533317
3.36924295681683 4.37423136775373
3.39685953361234 2.42158555905993
3.65119942466086 3.43200230560481
1.20923076713891 2.96495865581579
3.26487644331303 5.32998451569135
1.83952202014676 3.84692209783665
4.57923039781541 2.25590102570688
1.5403653109024 2.85731257455475
1.41454177279635 2.38256805554062
2.93847054925886 2.50131112343221
3.044752918514 3.82273666308537
1.43455407419613 2.71672809800767
1.69753094570755 3.83241979500117
3.89929320179045 2.19548093743919
2.19885351295446 4.09037964321396
3.257310566886 2.69197919518697
4.54086680460672 3.38154254911839
1.51940461876923 4.11140525036791
2.92792819097253 3.67268911170121
2.5755596656532 1.54186449273776
4.22337743624744 4.69401904575934
1.82170466150688 4.7085126523419
4.5081077900663 4.41489112301175
3.10038966974461 3.10515224500046
4.41865025001069 3.23917955576596
4.83164757724472 4.09778591402707
1.97358924319716 4.83213429844843
2.58265480032548 4.13480209352293
2.7735447277928 3.05046925865884
3.89549052615858 2.30882782216243
2.90107354650765 5.39933809779092
1.06701078392241 3.83789243888025
3.91098362744111 4.01625555530078
2.19180344968244 4.20570521754463
1.20107612955642 2.82886736929877
2.33472540950405 4.83880876117105
3.48534708411432 5.15190005825329
4.08031587167316 4.32696613332745
2.03923492250546 1.90732450091235
2.15241039563303 2.07566484228002
2.07807355662111 1.91371289451496
1.71288937928942 2.10109353529843
3.51242035519697 5.2489608057892
3.39427714367447 2.52312562962871
2.95570425431562 4.5184440598005
3.98869651836639 3.35502930669966
3.46871127682095 4.17501633189992
2.78855262753344 2.62621115756475
2.74111422574375 4.70484422056966
1.92212906870218 2.0282972269436
1.80191435667522 4.19556926097756
2.49359748997635 3.52579605530968
3.47205268061667 4.75126837998079
2.8439642390334 1.94712830873537
1.67972798531966 2.16040672089856
1.17523648724838 3.53285393173712
2.31245461222752 4.01264435941648
3.91008431889701 2.48911046201675
2.44142251968716 4.89656149999874
3.0805321395175 2.51958556780259
2.3144556310069 3.59246272644305
4.00993695163538 3.75137902915253
3.48967908430253 3.22382699027496
2.72222661071641 3.60372168789534
4.78239851575735 4.17497391578741
3.344699222876 4.42467923490716
3.69079302362957 5.18181754180778
3.00636741195366 4.29354574027313
2.25379067754423 4.76838275154965
