0.752672282435807 1.2211244390658
1.10988089750601 0.775359707344247
0.730536068763623 1.74671303800874
1.6496372630789 1.24191585111795
0.5884439744519 1.37166833265943
1.45093910714957 1.7346443796265
1.7512100908203 1.32787751453539
1.60391747082725 0.340742545461409
1.13507986971355 0.171094797913985
0.888247482638022 0.231797107879839
0.29121080623914 1.66369138495711
1.49046822125855 1.18787840573637
1.23310464559952 1.82028315517976
1.37509302580958 0.6061527644037
0.614365407494225 1.30573506215996
0.434157395205075 1.78372837980754
1.56242770416166 1.41196631436532
1.22897055528966 0.820972712840576
0.132906882271747 1.35506647560812
1.28090818303789 0.689431541873285
1.35992931462703 0.718082406870037
1.41487491537395 1.10297602368084
0.266643110179572 0.517357744799672
1.63555625314368 1.05940558930273
1.54268177250809 1.18419090064228
0.891570190745931 1.22920611922746
0.586454929005344 0.335323807139283
1.37335178936691 1.54921149698587
1.70040809853231 1.23658908323647
1.4719647668329 0.404041948920906
1.04969643789995 0.129106826092603
1.32038431819191 1.19561261544001
1.46093036241009 0.875431351517063
0.523797573727779 0.40612371966224
1.1518300285998 0.127932801411661
0.390570060906285 1.72552232518318
1.39127192507267 0.368689702396628
0.893013557300109 0.600306379723724
1.77105288259589 0.46993031816189
0.73124901401981 0.397546074627038
0.84049671803288 0.338020424195309
1.01002647613982 1.25452210862052
1.4709885215359 0.748202672258218
0.89947011347702 1.69115583770304
0.671693145998692 1.58785677972029
1.92446502191628 1.19225294894101
1.53287172663218 1.0718098570853
0.684215011002607 1.18331630103529
1.68339415846272 1.65634085058181
1.09546318699439 1.5962814339162
1.4567244735913 1.47621226351575
0.64533542888291 0.622195403263854
1.63630393014021 0.867125681505656
1.04979809761195 1.32755701162616
1.8183754575527 0.439608078185807
0.591283594861369 0.903564373741918
1.42416480861561 0.508563570564725
1.36083694982354 0.593538955643308
0.851345537614026 0.983880405627495
1.15850916977594 1.80475705823844
1.37760581650238 0.890259292116309
1.00574002491703 1.56924557307236
1.00396386786011 0.314739797125208
1.52883258280608 0.480835382951636
1.50021121951653 1.56994590722907
1.07579427851761 1.02431913676584
0.670441593136519 0.541802505804285
0.815966051506367 1.49307729590617
1.49536736426103 0.14570409204812
1.57775428876896 1.40684628783205
1.37633011216401 1.14693661695743
0.489698949925386 0.705249385507829
1.80084815932649 0.536398624468363
1.76234223465174 1.13685054412768
0.691661037198259 1.16063384725325
0.764964415654107 0.789793197267909
0.678450572958703 0.330238115613243
0.16791995167244 1.53041273194123
1.21334171241645 1.51033142579039
0.298875252685746 0.922137339581501
0.21155270984437 0.765174945567532
1.5665262461083 0.908142765804116
1.66731361217337 0.70805121005294
0.271429701284974 0.88185146772361
1.57682771275057 1.50579021047063
0.284930330236676 1.17508884752004
1.75520046741436 0.613481508301097
0.327077351046541 0.417808997096267
0.144318289398991 0.589002519694388
0.20915538425314 1.51884622091558
0.509429070821937 1.18951148007616
1.08474894815703 1.08542742141052
1.94237768426892 0.751182502532953
0.852799274228911 1.27770352967226
1.48514687067662 0.6872838078197
1.61329951209346 1.389284976651
0.25271409651011 1.20389101055578
1.59194322129791 0.820959130035439
1.18905377975555 1.46715333578035
0.469445136999775 1.32319223728031
0.662351349696678 1.60785603818039
0.0900959569999303 1.08415436295542
0.852782346684686 0.770914448616272
1.44614654824985 1.8717749964976
1.72803664409167 0.703570952896702
0.562698575480344 1.30763209360061
1.63373594594622 0.52952704858146
1.48697456311326 1.17986500903577
0.0704157592638531 0.690468127947945
0.318669765089412 1.72122554518306
1.19025909205557 1.62498062674262
0.419170621992872 0.333629154524618
0.0335506722735001 1.00886353811781
1.49161371127493 1.28813176279655
1.04965632344403 0.521882260347646
0.550556401976328 0.660452142881223
0.85327057614257 1.01090980277907
0.0992328802153013 0.617310897005949
1.13817326231297 0.478909456941957
0.421687518338 1.74183359529553
1.09597988304355 0.40056443995652
1.28809599939405 1.45603514865031
1.81313754297958 0.621911584865684
0.371752070638005 0.336715625425424
0.20407448425751 0.775810877429706
1.2338714833686 0.582669264771252
1.48694440512533 0.562472819292043
1.38866087517103 1.86766400058776
1.48284236752856 0.313871470356502
0.559832891237391 1.72886504231333
1.92006134805764 0.940838625756772
1.29696107403323 1.78690029806971
1.29049839466645 1.02733852225276
1.27634194615425 0.105377622085244
1.29247629860507 1.11373582752572
0.494340225233481 1.06955856876233
0.448113738587231 0.574402482318373
1.23212540351121 1.88348780736757
0.939322946719103 1.58416589476308
1.49269273173096 0.327950335554608
0.831353223491023 1.4704144025312
1.05567631816518 0.717843283207233
0.50569282912407 1.36024048789245
0.776608526568334 1.09868848546061
1.42959511127448 0.310442784055965
1.22743760888857 1.18872063877579
1.76126887066526 0.774468621602368
1.75998614831205 0.410358547422349
1.30188590757268 1.60149311072897
0.850254573727187 1.90728688462113
1.8668117331567 1.03521101645177
1.10692539564435 0.341375733476602
1.20842625585356 1.72617029485925
0.552095514129958 0.555962448021496
1.1126769271294 1.57952105133948
0.539297301679132 0.461095331719864
1.48403088376705 0.361420204197644
0.245614660571978 1.41346278427784
1.30077559696865 1.13924693009758
0.716424205260562 1.74860264082651
0.500925074598139 0.300741080096174
1.61369747890085 1.14953638488358
1.62351458472424 0.953854498747765
0.65768705357953 1.92573104163106
0.551473898847094 0.712464639092211
0.5093833001645 0.243139065434084
1.06476163192388 1.0299286082742
0.717510428119535 0.312698287471789
0.428174192562652 1.0938245528171
1.65264452239754 0.36513178849673
0.999764874554612 0.810250177490528
1.37589679492405 0.409376803063286
1.77161202696022 1.11038704914188
1.05565775543091 1.55587088003138
1.09743367684306 1.38136624677978
1.15918218867525 0.798077837720439
1.48730649873104 1.63067000819799
1.17779583246312 1.48663266577166
0.864482118186603 0.401448448090565
0.130216997418104 1.24102423731273
0.927171145621169 1.80302543280444
1.33938846794773 0.0942407202984089
0.666258658848106 0.155903259865033
0.157658653359967 1.37228672013851
1.89325656311401 0.73521018703872
0.914425834560447 1.851994981434
1.07523300601532 1.68772677347056
1.60760482402146 0.503859684115136
1.59285808227742 0.556802184901906
0.559984383915863 1.43250251102242
1.55120117674042 1.83093740498605
1.05785580482821 0.342391748088746
0.308619317066829 1.33815223656457
0.676397077879545 0.426443607752608
1.24161045671707 0.399053222421363
1.16334173089698 0.733903992699696
1.18107785848089 0.827393740991556
0.70998225460829 0.875346057398604
1.12544864501628 1.94280684551893
1.13791559011507 0.576075473386498
5.28620664457588 1.55142235987776
4.63295796566284 1.45546566683063
5.2688559173808 0.774727030489944
5.40878152186956 0.293198774798832
4.97224942508697 0.239644577569252
4.71943986385018 1.29655391949625
5.27623181123769 1.00044889019258
4.71556672546255 0.565013935735176
5.46004631383133 0.600475513484432
4.6877897224293 0.984328849194936
5.00504011117976 1.00748060706742
5.71119437672038 1.16977813927876
5.40295554366657 1.07791838848144
5.25154878505642 0.673198074522668
5.76290556518036 0.542458133091482
4.24670371200066 1.65249896152205
4.99429566159897 0.578567717760217
5.23502436814835 1.84591094095668
4.57457288855824 0.5092767605679
4.47180316477703 0.840065219343239
5.00221801818748 0.960382181449121
4.8212857704289 0.552796183116336
5.78072852837371 1.24784173153339
5.73379727202809 1.51385676000624
4.55164731846004 1.30573249053125
5.21075320070036 1.90181338385287
4.33254754051244 1.50679927675018
5.40161322960954 1.11148418664619
4.4727404176211 1.73846516194578
4.6787638108188 1.78572536506242
4.90490628105167 1.80890915585661
5.01625116239488 0.0240080113525424
5.21707788243361 1.5746802652778
4.20848608891039 1.44286189144459
5.64228232895748 0.311157380251848
4.54547122323543 0.492266211007049
5.20341032036681 0.597464076384987
4.79214647330178 1.33295677507564
4.66654871855242 1.8331722912765
4.40288727423984 1.05379582095775
5.20538655282081 1.09857039402264
5.07568109981012 0.216545877613666
4.35826824726267 0.658110858975296
4.82475441242894 0.878358865933702
5.12079233314419 1.13622112299586
4.20416214725064 1.42383114218358
5.70027300226509 1.57953007420951
5.30122019564546 1.06921424838046
5.00579906573084 1.85827371590052
5.79447921281003 1.20086015459948
4.99292045523441 1.52398275307928
5.65683881303735 0.70626266534573
4.53947320546088 0.267206423399606
5.4300397129764 1.09107726658728
4.38306966379515 1.71304177866427
5.48093275696901 0.441409928605714
4.48940846747338 1.83164136585635
4.72480843393436 0.624507931489717
5.29252736718508 0.781941338856035
4.42419063170691 1.57641485829937
5.11754111595551 0.400426111547286
4.65311194738193 0.15385756534139
4.11594561382721 1.19811131601364
4.39080919665181 1.79190730741664
5.2444809625026 1.42839774353156
5.62694747894081 0.574724844916505
5.09029837788598 0.102222742502781
5.69730139810165 1.55711595592041
5.36523510432542 1.33795142741333
5.88010931634526 0.767095868527859
4.36516360801119 1.0179881356335
4.79464974212161 0.549064925683358
5.45154093420844 1.82152806718076
4.6076389181104 1.06124181322427
5.40127550570781 1.81129517289902
5.11028092966117 1.32193312418514
4.60417471764508 1.46789263014978
5.72507133591037 0.405763505009674
4.73375733806969 0.839070240311951
5.8664803530175 1.29851809527031
4.85241479153937 1.11490985894525
5.34219832557671 1.05588599772006
5.53503110236564 0.945667401692129
5.12378909629914 0.287152120921784
5.51925770741466 0.2363865047796
5.658679485421 1.46538546149496
5.3383981047456 1.65693709298798
5.3016523509289 1.53523379476727
4.76022413799755 0.379456282625194
4.61557322491299 0.337933195198946
4.74971397882989 1.36608781183019
5.25573047663824 0.468168840794114
5.85187807754851 1.25226883196446
5.14710783290097 1.60721681224017
5.42369510054508 0.778811416518635
5.03685376715933 1.14382674492047
5.11721716440484 1.32432293341546
4.37869480824422 1.27292073687608
4.46150790787892 1.52133712984656
4.93155016276499 1.93601222188746
5.78411895731836 1.58055034791266
4.78160927202396 1.52580145761363
4.86746325312444 0.272355996466554
5.84283458725576 0.675498423667736
5.18999035838164 1.6907721445124
5.14513389693465 1.3505696641679
4.38094252839081 1.28888806768159
4.55524525154949 1.01549300260947
5.18636037412512 1.80174324316683
5.39376111740304 1.19876955300199
5.55063362759341 1.28950765467204
4.36487224386449 0.538248445196413
4.82801145372777 0.784889741068777
4.77377277474903 1.06474079006
5.64161578089638 1.54418957901505
5.35992984360251 0.999758954771225
5.37256703449821 1.8041537877586
4.3755575452493 1.06027886449632
5.52599427899979 0.530422387349989
4.5066579587871 0.494625549246313
5.3631326658576 0.485573799854295
5.26145524926099 1.58464058536469
5.24867885385425 1.06537133668927
4.28398002729108 0.53585572246013
4.65528233884988 0.657582914994516
5.01653247920674 1.83652866188128
4.74185419194907 1.02053736348101
5.28013325331144 0.202537887199627
4.50187824686144 1.66927351634129
4.66481302561584 0.269847768302616
5.79036353476114 1.51133435182803
4.79736944535899 0.322940224575148
4.76005820258762 0.979797254614772
5.78155468032013 0.815033664165876
5.31561329528117 0.964161251092279
4.66853807218564 1.77885219731928
5.72066136505396 1.23718967163704
4.52892645180559 1.6772217602779
5.12435394330073 1.41763922361149
4.32495546881736 0.652355192461033
4.15118658350109 1.0839081883409
4.15094232057506 1.39366788924726
4.46881657640162 1.13298142476782
4.78847667222096 0.737044461605199
5.87185409853146 0.899333051993185
5.41872244706254 1.11237652985019
5.39725892240589 0.0924592873553456
4.18070626176981 1.53893301333642
4.70911376480055 0.226057560802721
5.79018381200812 0.401216661573635
5.77578749754458 1.58706733374977
4.98231584370546 0.276634088152189
5.64263713216071 0.657370811625178
4.43607532282152 0.229453503820459
4.93494261650057 0.655046456202482
4.59844816155482 0.973522525032432
5.23566520036374 1.22231722749361
5.31951495474226 1.51164232326605
4.12589448353112 1.25255600280575
5.44863025803073 1.11072524913482
4.20450874553444 1.46510223961575
4.76163409653554 0.606397539626057
5.33082413724616 1.1289804043969
5.21354165060153 0.846506683730804
5.30501622585349 1.54037290232906
5.71921291456188 0.944570997961183
4.79408107954805 1.74185919138148
4.27682237858702 1.12181032922726
5.94605268835651 0.88902105379971
5.92436134910693 0.724070732061037
4.49934939746922 0.307337822181318
4.27307289861201 1.57450507166958
4.94237359135694 1.93619699969343
5.76813764884107 1.34737525009886
5.08917746800712 0.811381502282333
4.07074568121166 0.96228087410257
4.49374432239125 0.346570292197965
4.54021838886835 0.793663230956708
4.84880088095389 1.71519754826897
4.13005265641688 1.19787183797552
4.47702795340726 0.44611508632238
4.97649763159372 0.42143097679329
5.65584985399744 1.74833184315252
5.49340134286704 0.466933241449611
4.46506738547188 0.419329581756527
4.45266974368508 1.49832913206221
5.23085993607868 0.766261262363597
4.23642652862994 0.680126603495801
4.13759165397178 1.2472013788068
5.40438236571276 0.874083820235206
5.40690001169524 1.15664314585159
5.00250681332879 1.35309866762107
5.25332515189996 0.757825813819493
5.55305241599202 0.448674441039358
5.46241651674745 1.07509049682022
4.98040457767734 1.66832791762414
4.62794677388648 1.13944856653273
4.91657998757086 1.25128517156853
5.24055518613246 0.980145219305763
4.91236780472785 0.488174586181701
3.7331065349451 3.51453979997717
3.38999716926885 3.67590648444927
2.48099926734317 2.6339253811108
3.73172063830853 3.42232208967187
3.68400701131484 4.10745809584762
3.20710378960768 2.80424566573665
2.53611040221184 3.19984449865624
2.9478855310353 2.80323330358501
2.61489017977076 4.15006364456016
2.89168286270817 3.49431003739484
3.38199705749681 3.80041143651985
2.35813569869366 3.45609989842722
2.34386342275642 4.17465871102112
3.66875038128728 3.98267394335486
3.2457887867876 2.80636114159116
2.79946476813366 2.86652688818828
3.71918768792921 3.87040369494587
3.35303468584472 4.09168715252763
3.17471018337091 3.61034579585939
2.06578549547578 3.68151830658388
3.39294541416739 3.89268316177354
2.62152117243639 3.48863113110559
2.22505123292581 3.88340777128892
3.26209881103737 3.165428747641
2.18550944885434 3.90924836159626
2.95690600131289 2.85897112211113
2.32298359628388 2.96209005535485
3.48850505986826 4.18052990122419
3.79360315387596 3.65729532856899
3.40235887054872 2.71325041635991
3.31756975752982 3.04705533395374
2.90195343390626 2.67830290516233
3.25770362304199 4.04261864855733
2.24505941550285 4.03870073069587
3.34792958385405 3.77702853181375
2.74955991833493 3.9297054303863
3.4108417178031 4.07064567985239
3.64530635212078 2.86378320975734
3.07249223833055 2.87006379086903
3.76837891289756 3.42055232190312
3.87853667450623 3.88272761204683
2.72433918018345 4.39650571707523
3.01570806272845 2.88948591689824
3.17284363811189 2.87963350768598
2.36425163123603 3.35290547985245
2.33882146399233 3.54555267970048
3.14174547956132 4.31135966961402
3.84628445729792 3.83950000513827
2.2764208938705 2.88183021598161
3.13700003718414 3.42942534939915
2.28447126745586 4.13682269328836
3.43375126697393 3.57932204308004
2.33689520198116 3.32456717622377
3.05899480600398 3.71185275139644
3.29488812786412 2.92466444971478
3.81960776606694 3.37403347846254
2.78256410023266 3.02969156626191
2.46433311860655 2.67697695143281
3.8782527673529 3.34769877865986
3.64369547788754 2.80188609852933
2.87531899223271 3.36697335381471
2.41758697448534 4.06479507261796
2.93201337882496 2.52595012369902
3.60657047560439 3.68631675965775
2.84897740585397 3.49267621502606
3.46418756360969 4.29551595333365
2.21164942128341 4.05530475393643
3.07629517095269 3.78098673549951
3.25484065139292 3.29266501832301
2.53701725530579 3.74838813168667
3.63184192042505 4.04001573744091
2.62650886869029 3.36354674134789
2.18115439490097 3.82481561680329
3.10998920957471 2.47641251148479
3.34671739299812 3.66342774429796
3.6538154834611 2.83521993316538
3.32746802544514 3.44321738422086
2.48789264923338 3.76852386779327
2.51070691426112 3.14491851472626
2.2165968797776 3.64994536543155
2.26775949657974 3.97332772891768
2.25627433144844 2.96124084940617
3.07018187319222 3.73043728728705
2.83086436282417 4.28660747336489
3.73259220685109 3.573507102008
3.94057105663638 3.46855152397002
2.47105088526691 4.00979754896358
2.91339078654275 2.53301173256589
2.53049329305954 3.51407763783267
2.90233973289996 4.42759843989363
3.19368501233889 3.63945274517805
2.7186532216536 3.94487042970547
3.35896556621851 3.930079019981
3.46662489820478 3.19543622960065
2.13149431250937 3.14290444915449
2.25169725220599 3.39695477190962
2.40726580874618 2.82163342349865
3.4415788449493 3.10751224954602
3.56209996586347 4.11210126713587
3.55723708829694 3.24595687149447
2.75160318614428 3.43534282844336
3.71242569791157 3.30030698764259
3.53832682565989 4.30291260086862
2.38877190498858 3.66080606158752
2.48873144401147 3.99213151770963
3.42085812058474 3.02599403793854
3.64520454549621 3.79391515174708
2.43224225643502 3.35150596646194
2.48252687103208 3.59274605373575
2.50452605018983 2.67828501248141
3.53902895140897 4.30184007084667
3.24216285764888 3.79194497338634
3.6451358154196 3.60583039321048
2.98388194345004 4.2439483989101
2.74729665993042 2.87314375971725
2.93570061907139 2.6020527873697
2.807820131967 4.3973988193454
2.79563110756379 3.57726042778387
3.70933610065678 4.00883145318191
3.22706596296577 3.78123310817721
3.56275389314085 3.03065970809291
3.11043740675165 3.40109676223381
3.3794849354604 3.42982987828994
2.67464619318247 3.48609608523786
3.07983384461656 4.20604718515031
3.59248591029408 2.75635066285382
3.24790992753645 3.59119221346056
3.22802700823281 4.15257140621962
3.76536345965352 3.00352786063058
2.14976263370824 3.4643082086896
2.94301893642368 2.54825270829546
2.85653902160961 2.4952041878637
3.11338931768761 3.12990914820615
3.34969590558568 3.67610279694099
3.54402807801632 3.88909647573179
3.09787596568353 4.2714132215227
3.47743761880521 3.99361821363716
3.79212298319456 3.29984182200865
3.32456201526613 3.62914424561727
3.39904575334225 4.31850014369361
3.36230484995142 3.33886055613008
2.74543283867925 3.71713679027015
2.10872751151659 3.16106182062509
2.78670118508934 3.06508671114671
2.75848654190063 2.55020717999814
3.3506705136298 3.8922945145208
2.79807411801912 4.08653722676566
2.80311496483446 3.5855700515105
3.17107460481021 2.5003191470279
3.2075156308215 4.36856882577667
3.52963979560141 3.66783467536406
3.86967497251632 3.46842798197719
2.79453167171529 3.86081164646607
2.85298327783017 2.7255586896911
3.56819107366869 3.9350741984592
2.15750859266355 3.73133016516964
2.4218226583729 2.93832796539449
3.1246543547182 2.70408725855453
2.24385974579162 3.62542485831182
2.20118223641545 3.991122296902
2.10205312312018 3.73927665890357
2.55522480499944 3.58322488159507
2.50641373278517 4.28923911104926
2.45909302055496 4.10631929146045
3.78622778969974 4.00796315327982
3.24382399605213 3.22477301219402
3.49256548575556 3.18712819983783
3.38429592173601 2.77321722675497
3.47772572347367 4.0893257343898
3.19329608327306 2.90267228839642
3.16044878326353 3.74528684449173
3.33580542745603 3.6909470403323
2.43916774741351 3.6763595599333
2.68890907871657 2.69441178038868
2.47886630066585 2.72431798802238
2.63733550988427 3.24351033354495
2.48164057175752 3.29220474833972
2.64757585953335 3.69260001455343
3.58176135428535 2.79303519475528
2.4436204612485 3.76745113560939
3.06159655803828 3.3645583201855
2.56450137502878 3.54506445823021
2.71562941845919 2.96059338943782
3.3551953165918 3.04943070640688
3.07263086762951 3.08253416536617
2.13001487247755 3.76500779995801
3.06520023883604 3.23968327051721
2.9940254258752 2.87433167105492
3.1265199730948 2.93673088276919
3.12136348861321 2.48354936558392
3.07402333177322 4.28063410416568
3.49812789083093 3.63533913115253
2.61201152988763 4.2028571109345
2.27873978464148 3.14785393432567
3.68540498703965 3.03445539142345
3.04252323246653 2.86780156704845
3.20112846600609 4.06471883423293
2.60946339346778 3.42873194612477
2.36902885652304 2.75684132673228
2.67142341547123 3.47226089801908
