1.10043636540112 1.97173069576801
0.33002247458286 0.998234686975753
1.29325063997037 0.92023422290957
1.46957583499442 1.63271998667426
0.534896795696613 1.45279780511826
0.593590189127592 1.30994148486073
1.95603138591449 1.15459056604154
0.566230776094807 1.10307658884065
0.0988374580770721 1.19452852627907
0.607646617083207 1.46155505404033
0.632750457209586 1.8291410700891
1.25271087162062 0.62269696450971
0.706561478996727 0.389492497786855
0.925285316105674 0.591647230553882
1.29525571000117 1.20515033920281
1.80610323015563 1.11582100043756
1.13349915449155 1.15247888622087
0.803254067391265 1.76906129473339
1.37854091220468 0.283563237879837
1.34311054276139 0.424302156798605
0.295084818637378 1.1020472258277
0.46001161796522 0.554843912392953
1.06181335170907 1.48626248483506
0.386534369250864 1.58259042162688
0.505808797450495 0.230482531289685
1.11176697739363 0.406900827196552
1.01633762967664 0.66075069814327
0.939401109711195 1.6384268679309
1.41700972377094 1.34684561246852
1.08932681578078 0.299338341388909
0.318468903780504 1.71523904304123
0.507873366332869 0.924619054145147
0.311657353366726 1.50918769154267
1.69855718466529 1.70459958903357
0.454548446190074 0.268435197796656
0.378244215181191 1.65039085035391
1.95159287665696 1.08630284867762
1.69253038106889 0.426028399590836
1.13849048212439 1.57878778968346
1.65483182000322 0.901946322936519
1.06473731151291 1.03544042825731
0.491591247637009 0.95776086229726
0.524617087662262 1.65762037918049
1.11780138165599 0.92054484071872
1.15250457968237 0.0751528080934206
0.275430217279709 0.909656115063993
1.43855795739205 0.620129906155322
1.62455437542148 1.33316536251443
1.5981676160408 0.936352303437952
1.59244552322194 1.38183355421453
1.47231462558184 1.41422664793593
1.82802959800161 1.37523903357866
0.0388544766904687 1.21507018494796
0.460424146197329 1.74400229105039
1.10353637095166 1.6673081809674
1.27578420114131 1.82473623036463
0.761802598207883 1.52442771848688
0.471553762181937 1.29403660380643
0.500187302140479 1.11880246467218
1.69043447654175 0.486695375388598
1.15203679294816 0.712981029661137
1.22650067540474 1.84742590024165
0.647175901452653 1.84484904834952
1.72924682126992 0.61795344796095
1.3173487545291 0.463271170966564
1.42345471225094 0.180578689206188
0.94324527023978 1.69016986261571
0.629661229603213 1.74020430091755
1.76607976170516 0.683966908920089
1.17299624489898 0.408700940156815
0.911207986030169 1.23020141893681
1.15675587782356 0.45647656353247
0.62776078877646 0.209472494465486
1.16104988498151 1.72711325563991
1.73295522248375 0.58160228452656
1.82373665046853 1.2016428985825
0.423025830718886 1.13429787229306
0.953676223699417 0.916658755639381
1.21301713760594 1.50290056536861
0.211186232465779 0.933052155570285
1.78453939950162 1.23790976848713
1.91302307428701 1.05569928457531
0.596536643772847 0.569776186847498
0.0852515381118809 1.03917399322755
1.85575333740285 1.04267341184651
0.207690606772824 1.38516200463882
0.293745519207409 1.14104984810426
0.204056715095793 1.36486579788021
0.64858006336061 1.87461219880977
1.62717657844985 1.3951147767261
0.565215309223743 0.576293912306196
1.02268497021074 0.650443691060541
0.807028657647585 1.26357764227805
0.275090564322294 1.6217954680649
1.20749564430951 0.478764537470836
0.200370034542512 1.00592370799997
1.19035094999186 1.3638090345317
0.603844536028091 1.69249373711267
1.92859111465958 1.30934393924818
0.787468526648938 0.464355760151275
8.92186762940611 1.60901927808958
8.5901511783257 0.876163363674846
8.89053179826799 1.50012102002261
8.99648906910017 1.97205967822018
9.83064553829927 0.538877121263466
8.82578730670403 0.482854288113462
9.25126742145582 1.94914380803806
9.8233570936314 1.01947032753029
9.80081278755431 0.504326779098042
8.27928301680061 1.06295129699753
9.73916958148137 0.813738338656188
9.81972570034498 1.14573556689658
9.08182480083715 1.88422057717525
8.56263893821543 0.670224484044418
9.34904063972337 1.82053363941056
8.8721483721965 0.419926530014489
9.27641297708058 1.82521822055944
8.90964992565072 1.48762072963226
9.33145114936193 0.31652161918547
9.15686181069302 0.747275145401798
9.41133583769806 0.477455393357334
9.95174749862305 0.956793113401387
8.66640222570055 0.700427359213717
8.58530747506198 1.19313339308577
9.41254489078145 1.69585373560392
8.93585291407711 0.599910609812696
8.59834095233625 1.07181473972663
8.42649053145112 1.60027427853883
8.46164782310745 1.75079203330883
9.66684697661168 0.774014845564764
8.47387439514259 0.179189364445493
9.01975244483191 0.64807872939748
9.22617505728683 1.54249316043914
9.54546528194043 1.39228820531338
8.65351994801318 0.201390348745327
9.35873236841516 0.546020349431075
9.60144722548992 1.18952439949287
8.64230368914479 0.375087094746307
8.70515001980526 0.817308326706071
9.16404944181467 1.08585069083315
8.60650171363874 1.48858260518927
9.48144215107259 1.54753675004106
9.67101151778409 1.3178529629757
9.13130832008514 0.878221246677003
8.42063349231827 1.50423296249363
9.78481082029877 0.406346914545606
8.59662829209511 0.575799813012715
8.14099954318443 1.40953172688784
8.62090267828559 0.148632738726653
8.90424406763826 0.488304377011083
9.7939305500815 1.59066351547964
8.36952792279487 0.902497473219861
9.18538189673838 0.403724184689928
9.20362181876508 1.18089024298237
8.07648027478285 1.00448093433959
9.38519023026261 1.28341133026273
9.16007246230034 0.0576136605088318
9.33393269342008 1.39270237258546
9.19026592040068 0.562805030932749
9.75222052227674 1.26459461547984
8.74728332977485 1.05738299083583
9.28246076977275 1.12308540772185
9.60476918064136 0.277272891933884
8.76955803899422 0.192023318257222
9.85565433570252 0.828194290959205
9.43248472347569 0.270136098264555
8.27461659234483 1.52872562559838
9.56083639754435 0.74669536374493
9.58076523621112 0.374764874252809
8.91519627847573 0.179448890077515
8.17412297928626 1.35317687176617
8.2853490750584 0.850390549447963
8.18450821788901 1.05666141259786
9.30354986726195 1.78939664742783
9.1132628337834 1.38812466098932
9.56953515933852 1.36278861506551
9.11510258170805 0.732675254704835
9.06473613272881 0.825496448557204
9.56156670772956 0.662170765420895
8.08586484669685 0.727511190950481
8.74259446543545 0.413984134254274
9.67620923832676 1.52944055902956
9.61357866892647 1.06880292099295
9.46895494759973 0.133323796873038
9.8652384654113 0.897500906224496
8.7649762494833 1.17856612566844
8.38946178285576 1.02406115676519
9.24981992225933 1.77152275069099
8.28730573708933 0.843914538223122
8.65483298496195 0.728859237877651
8.67175473313209 0.0604537817426506
8.10280783403912 0.993688165669871
8.70809247877285 0.45783722585223
9.46429998137345 0.684611329615033
9.94753180398823 0.995203629868025
8.35300323855164 1.14506354521518
9.37556133529922 1.82623848082279
9.1612426148129 0.996317833921332
8.73021992491154 0.150001983639821
8.67327470157487 0.968418214686181
5.4997569233108 6.13299729274033
4.8664693291314 5.59973209803444
5.01187469830428 6.81664164412093
6.29152706866614 6.61603053622104
5.57741547210617 6.41623448343578
3.76467496121622 6.92565822119846
5.52987475405638 5.86376451538391
5.37981937231918 8.55001939107054
5.92065146594151 6.33212646060476
6.46210570831863 7.57375310403631
3.58230364658149 7.14200371673766
5.56855077873098 6.8265882071838
4.46305308346278 8.80954951148764
6.35412916460995 6.00820715258421
4.40257477661848 7.51102093009071
6.65572975157497 6.4648407480723
6.40369797074298 7.07834744494568
4.16558809721464 8.02714510684731
4.98096016974318 7.39878808326532
6.58826260589652 7.31602532875617
3.8196217336942 7.60743310105778
3.32884156004709 7.70825856532248
4.53812590105712 7.2749353154231
3.64298068803519 5.71448864888441
4.15356976028436 6.22501762593532
5.93620127147089 7.77965284232017
4.75484291503483 5.07165903461371
4.22724657301513 6.0888722770168
5.01342711835013 8.541420130529
6.04494355776616 8.39374928588159
5.88212259768481 7.55335977110656
6.54956216105615 7.59187778143695
5.61878352389017 8.55985046809911
4.24808569163325 7.78596662016067
6.71744855585782 6.92918687388991
3.29467515650554 7.63831925419097
4.90014390653653 8.18587510802851
5.03954026181279 7.14843258667511
5.6036884641379 7.27707488942221
4.63994159147967 6.08333842768598
4.70148431469372 7.39335960699067
5.5070727479698 7.1278076865959
6.3979713323755 7.44831897242453
5.74752718668133 6.97491302484848
5.22372943351928 6.67970121688787
5.22123095364597 8.46903137142089
5.78689511198024 6.38641896569256
4.36130192828143 6.62706183745378
3.63163153837302 7.93216474708975
4.12839584732462 5.59209433368556
4.79015955116838 5.87019455670065
5.88535530039011 5.28265351167425
5.68259011959647 6.15910382979288
5.74611414810058 7.80457168964853
4.11541021315105 5.6267758001811
5.03579871605508 7.64043119074753
6.89234921298146 6.50246570686208
4.71054414143717 6.98506855746758
5.21770038318327 8.90639860406518
4.09277773810626 5.61620450032642
5.00809063913625 5.98102150333603
3.0943188838884 7.43509176660855
3.18002010073704 6.81250735429149
5.35224597749386 6.81146028537064
5.29263859390512 6.37806989488996
4.08707319231783 6.14093612601685
4.56594885827279 7.02943506384555
4.55355831128817 6.95060289064696
5.01188987843897 7.79244331844392
5.45664590888805 8.64889610670591
3.56382338916228 7.73592642171846
4.00906764389402 7.0202632572445
5.1417455707567 6.31129721070989
3.75811863185598 5.40779909688594
5.08423810832646 5.44956560113643
5.99632250588455 6.12588033078972
5.27064319110823 7.04811607014537
6.05418841768511 5.99717071857276
5.91428747196289 5.31892954394445
4.75958708790261 7.20855397893639
4.743587475431 7.5177331154378
3.50645783003019 6.89656936712182
6.87353844025525 6.99644799283266
4.01168374543746 5.29000217493918
3.77223074546707 7.33963453427226
5.06414506248263 6.50505561286722
5.3643975055515 5.10810455784434
5.10882890098478 7.45600433565695
4.93682979968732 6.01164102657069
5.49972635785655 8.1071960943235
5.7258832149009 8.77629874786371
4.8321886348759 7.97204238614857
5.25227990179999 7.79596340313923
4.61376722830355 8.19994569255914
6.01894871876799 8.64625267740277
5.25200880605803 8.15378487523433
5.37447377116951 6.18105403846304
3.88892766856686 7.08966723661251
5.87022293025182 8.64636180517575
5.09797713665875 8.83066912265809
3.42961237867699 7.589554500747
3.83913944227059 6.81893829838052
5.28122543558574 5.10992263307875
4.37043537577473 6.277341910204
5.60278939288001 5.22947716472987
5.05431951507153 5.35280192275762
4.061903601197 5.21604173828953
5.63750129312688 5.97300155969763
5.44524458809724 6.09305157760866
3.92082910843425 8.35715960816255
4.17937408557419 6.46507559166155
5.00267213446843 5.58499985919736
5.37153005877422 8.10811118534355
5.27415701552247 8.46188128441303
3.57989990776549 8.19046748850612
6.43904381810613 5.84377297276444
6.03660727773802 6.72511152781962
6.34414224810171 6.70123032164144
3.09837931403054 7.28285761215483
3.80282593477652 6.89044552619929
4.46233000368884 6.6477625820463
4.22795939740199 6.02590990030698
5.07759094314796 8.47093945056235
4.66363941548295 5.09214233967202
4.62615993283385 7.59869060603498
3.05547107285001 7.08512478082336
3.81541607667332 6.33030879238131
4.57695858434191 7.75244103454392
5.49956341982585 6.85087804722757
5.80749626881563 7.88497986682516
4.79527917896304 6.72486471872679
5.81554475871534 5.21298587890856
6.67261635389312 5.93953732815842
4.27744220965664 5.90692175497041
6.22123406164304 6.77005986389404
6.1956445670036 5.4652237533074
4.6129313385305 4.97185154486715
5.21797151600992 8.31089915298332
3.91275348770844 6.2886865771824
5.39585104267055 8.43254505418647
4.37405965472149 5.92255454530429
4.84235583597112 7.88906506895422
3.3238939812973 7.91498136203518
5.11580839559705 8.37827404210935
6.668281459767 6.42619777070305
3.72747690129205 7.01629648744002
5.19600107881513 6.28463230574629
4.85225256333296 5.44463361990127
4.77117081394424 8.62819702042564
3.99091545529138 7.34611615829884
6.07960669069067 6.53577987729253
6.51558549723397 5.69922637084607
4.6326223787129 8.42616695120893
5.16675896125393 8.44234614547082
5.39810437820949 8.7125893207828
3.95904699418859 5.82024717413509
5.89416610788108 5.77301368340239
4.87197521549709 5.88978014374873
4.951365413696 5.40108741173988
3.03809417695631 7.09556147892062
4.81051766792109 6.25293615913898
4.13125656681604 7.28615526219265
6.03693847630624 6.07153350698586
6.28514313017834 7.80652918864565
4.89641591760977 8.56127491529184
5.36185604646044 8.73519164222981
6.84955619202786 6.45657527517494
4.38556798279628 5.95429786426068
3.89868177239137 7.21671597854609
6.71861328682679 6.35482240781304
4.6286720571441 5.34993108979776
4.73142647220303 7.56007973694205
6.317077975966 8.31028665621092
4.02742941429126 6.59909350209966
3.99515043055624 7.84054770023199
5.61799032357327 5.38910586682268
5.00748812401679 8.296740742494
3.48029046729934 5.93995070729553
6.27578862777819 5.90070175392544
6.69278056415257 7.61992527192584
3.41662714759632 6.93519362665287
4.37073570703351 8.26485187705789
3.68968389308424 5.74213064574699
3.56294312444308 5.6201797496012
5.88241184427096 6.02419124611639
5.51123712516295 5.73563148924451
3.91968245577762 5.70495272476253
4.98313936345393 7.37174505733661
5.40988010534546 5.87379165197086
6.65810659552909 8.00813689065675
6.47810630582167 5.85924710540154
5.30094895351826 8.69105908452066
5.91925912997077 5.79753584603386
3.86455911240601 6.10426434402841
4.2298836735392 8.59026635104534
3.35131280547625 7.58799448882004
4.9481701310038 7.59777440585032
4.74528607748556 7.45820041894302
4.08703907361517 8.42478606777415
3.82033880415293 6.92253732060855
4.57730683151517 8.42920260714311
3.46780889974173 8.18804265001995
4.24124449669181 5.93634879317885
6.44409428431451 7.42587841806364
5.34667426046533 8.35993823841108
6.50811594412201 7.04720902712251
4.4937598923656 6.65414648994919
6.50217099872931 6.28539201177096
3.81334118067329 7.74900832607903
4.77357720081983 6.3863281209613
5.29757092791157 7.57120224751951
4.73842450784468 6.66676849802864
5.31262802025657 6.84700762766794
5.78503117656867 8.14153125178607
4.5389420920836 7.61072648073902
4.90476809958075 6.53615576360311
5.72646856702924 5.36355423573395
4.57175164755866 5.93506044627381
4.08705927938737 7.2804679062231
5.78039553400289 8.05340302098241
4.74449530965549 6.96368122144046
4.6715504064844 8.6597637732028
5.85962739484948 5.27589530820878
5.21377139620459 7.74801830368474
5.71508210660522 8.37876911492382
4.25883720009182 5.27971491016215
6.12328091583167 7.55780765024934
5.40910400405408 7.63911055248201
6.18695410615943 6.8006335673855
6.55669875191382 7.16617823895999
5.17108017819882 8.37512228137313
5.02923501381991 7.33990135056295
5.95459232537077 5.20306117793999
5.03401124570985 5.10095382411541
3.71644337549913 7.89014953198372
5.12158120335024 7.72972005016353
4.37345774659422 7.62129723894908
4.3693467188872 6.41849610749359
6.04181262776668 5.40890271253386
5.15906296297955 7.51459027738908
5.80508762596212 5.12031811284443
4.0657029333831 8.30291236498719
3.11398142894172 7.08439333630662
6.2310269644194 6.60705110282502
3.72730150589616 6.2586467136523
4.78701327677571 7.47140126836756
5.31647960546548 8.35433662933935
5.15268028319695 8.86882417249331
5.17000707446376 5.96899185957322
6.74381079962681 6.31406699047081
5.92147403188349 7.73349957914778
5.29011896765289 5.49593333707622
3.70546492408021 7.5590610392272
3.23388423603431 7.50537927971826
5.03474689589093 6.83421315572199
4.67715219428299 7.58696089430141
6.15005175976557 8.4789461372023
5.33009783158237 5.97978548015854
5.58196790943841 8.28961647191957
3.18340957813327 6.26466078336134
6.1767607738326 7.02048685860502
4.90664064757229 8.80271119137271
4.6229191253875 7.57746820802178
6.73316403690235 6.35370532270674
6.6139537540628 6.73182550871599
3.82037578376671 7.94906323801655
5.97180410000588 6.24342137576507
6.31736413877411 6.74476285366253
5.58510234614072 8.63175941077671
4.84122085363111 8.88993335625574
4.41517928518759 7.13611281348209
3.76398919090689 6.05039205408999
5.28585603212792 7.71432232046287
5.98149140768801 6.5156141421429
4.75360961436783 4.95821662149976
5.06996797746647 5.97183286334337
4.91235164837406 6.7372615197662
5.9569151406888 5.46250759647237
6.41240219128317 8.19700404160522
5.33008026124242 7.94733687142421
3.57684787708911 6.26514409961966
5.56376457117923 6.41421054550529
3.73962101676794 5.80220395291498
5.19855130918284 8.70049362030583
6.15160705525671 6.58479326171191
6.15231611520004 7.34117761801474
4.66395220897629 8.42367220806384
3.08990606780967 7.05517711853129
5.00037919385933 5.27490193589263
4.68866658947444 6.1944841781379
5.46244995653477 8.49307330402791
6.5897531815743 8.1340421883908
5.63799641914226 6.45993703911776
6.69249993258454 6.09123231536822
4.08145928717763 6.86300344227492
4.50105833373062 7.89552165484887
3.4852586178135 5.65958703664234
3.53315822322663 8.00797747775262
5.30210116820971 8.23963454264121
6.33938600784058 6.57101287074776
5.70420418645893 6.66301872538972
4.41784635973181 7.99485962920243
6.1278676988134 6.40282108356233
5.5770743136142 6.71923665792343
3.09321252188319 6.66782489056102
6.30965115307993 7.05990231666425
5.08856726626267 7.32504164409723
6.65075702714056 7.87154416344168
3.12263623154666 6.77483647598696
5.03172612250668 8.28351493766359
5.27048794029039 5.79209804105544
4.63657557919595 8.61208532814421
6.69943047343937 7.31078130414804
5.09514385642436 5.82012518788473
5.6139530655793 8.43261911361489
4.67727329023633 5.88662928657018
4.85712663416846 6.03233825698346
5.10575971466776 7.41775538826497
4.11700346423613 8.39679979084521
6.31463583035126 7.49436521843215
5.43305030817887 8.70117156404469
3.95483218110839 8.04583541320879
5.6284411889317 8.71025076609478
6.31766379622544 7.66460571604346
6.10304543026831 6.05388828956029
4.53652809321951 7.97368901344486
5.38133816615746 8.28864102215654
4.45787553916578 5.47461313117739
5.96028062338104 5.73305648130117
4.58259802168925 7.64501805657763
3.86132245834964 5.81225244811107
6.54086035606559 5.89285687455588
5.27859957637538 8.60067377763474
4.95003046091659 6.74185687284846
5.12844637992319 6.67686946467249
3.39162016376004 6.20119053159476
5.75176197416139 5.38835017454132
5.02950734026795 8.8819121428676
6.64438674678573 6.62847372301568
4.27590750607217 6.71366887728468
4.61244196902539 6.13712728088085
3.56213675195405 7.76769254460291
4.32007441451484 7.94730717664284
5.79996423376324 7.44120089339904
3.43716628394383 6.8045991257311
5.48290093351622 8.58980472125479
3.46989168051779 8.03707904469956
6.16265785228377 5.95158422085879
6.27789816574141 6.2961734295357
4.10827861877168 7.98377004997277
5.21483346270356 7.41918552690226
4.93469242172915 5.06021427935982
6.31771468110346 6.28489911899843
3.62592187663494 6.8877958992357
4.98427424277038 8.64711127115299
4.45508887155459 6.34499687492115
5.84486786779423 7.15526140696383
3.69021340883453 6.97336693936932
5.17521124798647 7.83399620644443
3.16935663390673 6.72134533003323
4.03594894783014 5.92784938135919
4.08201600637091 6.94698540649091
5.71812310373301 5.26674308730793
3.60544666885308 8.25993709932689
5.92327460179525 5.57454457811183
6.34079064688713 7.16275743036991
4.72841179308425 7.37566714402954
6.50322372479987 6.52435627225494
3.6002862325146 7.38725435516549
5.17269333747121 5.14087979968396
6.08044260352175 5.78542932095549
6.73651155023852 6.64557099257964
5.42550010722316 6.88536680644815
4.75462566213982 6.04774824189303
3.91240588456599 7.73738928319203
3.94908989967314 8.25184382342989
6.42995237381236 6.84016136593497
5.97977296500245 5.5690259795896
3.69843429432781 6.26440261967084
5.61532225998703 7.16505831080525
5.82163622870304 8.20308966244126
3.93747824238041 5.83639562254203
4.80238876945467 6.13459309006754
5.86741519159925 5.15598739592385
5.19971757448737 8.80314213601077
6.63253637593575 6.7202206817424
3.40372321291069 7.47518120343141
5.19427515561424 6.90114175425047
3.30178150802524 6.84058457329934
5.25554525022149 8.66358081673932
5.62739307791491 7.46265140673678
3.78172015429873 6.68484960842364
4.55912971509175 7.95749899701521
3.2109637706655 7.23499187648835
5.1954500684191 7.92188135795858
6.87869417980555 7.29433723238888
3.38750355937012 7.09085018999369
4.34566323887558 6.06011455250512
6.25356674266321 6.85849392657695
6.66918678883355 7.62179743798393
